-0.7979483604431152
-0.8136954307556152
-0.8342490196228027
-0.8009696006774902
-0.7968497276306152
-0.7961783409118652
-0.7866721153259277
-0.8075156211853027
-0.7802634239196777
-0.7962393760681152
-0.7755637168884277
-0.7755789756774902
-0.7775473594665527
-0.7818808555603027
-0.8505454063415527
-0.8607993125915527
-0.8843436241149902
-0.8555960655212402
-0.8603262901306152
-0.6788535118103027
-0.9158072471618652
-0.7043967247009277
-0.5479025840759277
-0.7336630821228027
-0.9238944053649902
-0.9203391075134277
-0.5533041954040527
-0.9174704551696777
-0.7119803428649902
-0.9151663780212402
-0.6899161338806152
-0.5988669395446777
-0.8510642051696777
-0.8160605430603027
-0.8317313194274902
-0.9035086631774902
-0.9050040245056152
-0.9086050987243652
-0.9147696495056152
-0.9048666954040527
-0.9384665489196777
-0.6624503135681152
-0.6393332481384277
-0.5728659629821777
-0.9757895469665527
-0.5176291465759277
-1.0040488243103027
-0.8581290245056152
-0.8582053184509277
-0.8589987754821777
-1.0128836631774902
-0.8605093955993652
-1.0094962120056152
-0.5310263633728027
-0.9155936241149902
-0.7557272911071777
-0.5961813926696777
-0.8982443809509277
-0.6870169639587402
-0.8643393516540527
-0.8928275108337402
-0.8521170616149902
-0.8686118125915527
-0.9561820030212402
-0.9839224815368652
-0.7214713096618652
-0.6956381797790527
-0.6714529991149902
-0.6488547325134277
-0.8027396202087402
-1.0359549522399902
-1.0514121055603027
-1.0696616172790527
-0.9986624717712402
-0.9662985801696777
-1.1036124229431152
-1.0067954063415527
-0.9637961387634277
-0.9919333457946777
-0.9323172569274902
-0.5445761680603027
-1.0396018028259277
-0.9457907676696777
-0.8252921104431152
-0.7517294883728027
-0.7267050743103027
-0.7032065391540527
-0.9070181846618652
-0.8825430870056152
-0.8826804161071777
-0.8891959190368652
-1.0104880332946777
-1.0513205528259277
-1.0172324180603027
-0.9404501914978027
-0.9749503135681152
-1.0468802452087402
-0.5039725303649902
-1.1925864219665527
-1.0670676231384277
-0.5185446739196777
-1.0370688438415527
-0.5390219688415527
-0.9747824668884277
-0.9474997520446777
-0.9914298057556152
-0.6708426475524902
-1.0318198204040527
-1.0109610557556152
-1.0020041465759277
-0.9319968223571777
-0.6287436485290527
-0.6487174034118652
-0.5824790000915527
-0.6005911827087402
-0.6198935508728027
-0.6412863731384277
-0.5563254356384277
-0.5736289024353027
-0.5926108360290527
-0.6136984825134277
-0.5489706993103027
-0.5670676231384277
-0.7799582481384277
-0.7796683311462402
-0.7460837364196777
-0.7481436729431152
-0.7979331016540527
-0.7434744834899902
-0.7187399864196777
-1.0816702842712402
-1.0195364952087402
-1.0553336143493652
-1.0960288047790527
-0.5286307334899902
-1.1286215782165527
-1.1163077354431152
-0.5136923789978027
-1.1621298789978027
-1.1492209434509277
-0.5319724082946777
-1.0883231163024902
-1.1070609092712402
-1.2138876914978027
-0.5538077354431152
-1.1920828819274902
-1.1764121055603027
-1.1668143272399902
-0.6386771202087402
-0.8084616661071777
-0.8322196006774902
-0.7112479209899902
-0.8358054161071777
-0.8097281455993652
-0.7848258018493652
-0.6602377891540527
-0.8619742393493652
-1.0513663291931152
-1.0145621299743652
-0.6143546104431152
-0.9519248008728027
-0.9738364219665527
-0.5199179649353027
-0.9200186729431152
-0.9039359092712402
-0.49635839462280273
-0.44444799423217773
-0.43623876571655273
-0.5889182090759277
-0.43074560165405273
-0.6896109580993652
-0.6955618858337402
-0.9999747276306152
-0.9965720176696777
-0.6458487510681152
-0.6678061485290527
-0.6912894248962402
-0.7163290977478027
-1.0394339561462402
-1.0339560508728027
-1.0278983116149902
-0.6416678428649902
-0.7911734580993652
-1.0737662315368652
-1.0623221397399902
-0.6402640342712402
-1.1088004112243652
-1.0978293418884277
-0.8662314414978027
-1.1389365196228027
-1.1353659629821777
-1.1336569786071777
-0.8676962852478027
-0.7304739952087402
-0.6575369834899902
-0.9419608116149902
-0.7486166954040527
-0.7962698936462402
-0.8747000694274902
-0.9028677940368652
-1.1597037315368652
-1.2427573204040527
-0.5165152549743652
-0.5172019004821777
-0.5192465782165527
-0.5226035118103027
-1.1286520957946777
-1.3056235313415527
-1.2834219932556152
-1.2743277549743652
-0.5893607139587402
-0.8577780723571777
-0.9772391319274902
-0.9878897666931152
-1.1697897911071777
-1.1748557090759277
-1.1439566612243652
-0.6317496299743652
-1.0297751426696777
-1.0278220176696777
-0.7015280723571777
-0.9570517539978027
-1.1057181358337402
-1.0700888633728027
-0.9034323692321777
-0.7993521690368652
-0.5601706504821777
-1.0474905967712402
-0.8892416954040527
-1.0054526329040527
-0.9867911338806152
-0.9654746055603027
-0.7946524620056152
-0.44405126571655273
-0.8688101768493652
-0.8737082481384277
-0.6778464317321777
-0.7026419639587402
-0.7235465049743652
-0.39374303817749023
-0.5320181846618652
-0.6657614707946777
-0.6754050254821777
-0.40230321884155273
-0.45660924911499023
-0.9068045616149902
-0.8932394981384277
-0.9551138877868652
-0.9305014610290527
-0.6114096641540527
-0.7057394981384277
-0.9700064659118652
-0.7797141075134277
-1.0473685264587402
-1.0427603721618652
-0.8858847618103027
-0.5853171348571777
-0.9659628868103027
-1.1802573204040527
-0.9107718467712402
-0.7692770957946777
-1.1766867637634277
-1.2324423789978027
-1.2645468711853027
-1.2444510459899902
-0.6474509239196777
-1.2754263877868652
-1.0881247520446777
-1.3362174034118652
-1.1762900352478027
-0.7302603721618652
-1.1079154014587402
-1.1027274131774902
-0.5549674034118652
-0.8701224327087402
-1.2014670372009277
-0.9767508506774902
-1.0055289268493652
-1.0351462364196777
-0.5400137901306152
-1.2085165977478027
-1.3145041465759277
-1.4728293418884277
-1.2159934043884277
-0.5298361778259277
-0.5305685997009277
-0.5325827598571777
-0.5358481407165527
-1.1671805381774902
-1.3932089805603027
-1.3468375205993652
-1.3553519248962402
-1.3106894493103027
-0.5613455772399902
-0.9743094444274902
-1.0439352989196777
-0.5833945274353027
-1.0687155723571777
-0.7986960411071777
-1.1984000205993652
-1.0501608848571777
-1.1339926719665527
-0.6985220909118652
-1.0452017784118652
-1.1567587852478027
-0.6920065879821777
-1.0040488243103027
-0.7387290000915527
-1.0273642539978027
-0.9457602500915527
-0.8399252891540527
-0.5560660362243652
-0.9286246299743652
-1.0060629844665527
-1.0246634483337402
-0.9000449180603027
-0.9682822227478027
-0.9631857872009277
-0.44194555282592773
-0.7482047080993652
-0.38385534286499023
-0.37534093856811523
-0.37029027938842773
-0.6694235801696777
-0.6941885948181152
-0.37376928329467773
-0.5031180381774902
-0.39485692977905273
-0.40665197372436523
-0.42020177841186523
-0.43529272079467773
-0.8937582969665527
-0.9014639854431152
-0.5781760215759277
-0.6913046836853027
-0.5545554161071777
-0.9835867881774902
-0.8472800254821777
-1.0829520225524902
-0.9026541709899902
-1.0598502159118652
-1.2119956016540527
-1.0416312217712402
-1.2870841026306152
-0.9250388145446777
-0.8370261192321777
-1.2339377403259277
-1.2810873985290527
-1.3250327110290527
-0.7301840782165527
-0.6129660606384277
-1.2317709922790527
-0.6825003623962402
-0.6328635215759277
-1.2317252159118652
-1.1817526817321777
-1.4335989952087402
-1.4535269737243652
-1.2752585411071777
-1.4021964073181152
-1.4592795372009277
-1.4507193565368652
-1.4444632530212402
-0.5685629844665527
-1.1937460899353027
-1.5111746788024902
-1.5403189659118652
-1.0208640098571777
-1.0477805137634277
-1.1039786338806152
-1.3682913780212402
-1.2300620079040527
-1.2206625938415527
-1.2093863487243652
-1.4821219444274902
-1.4713492393493652
-1.4616293907165527
-1.3205924034118652
-1.4599814414978027
-1.3968710899353027
-1.3530631065368652
-1.1214499473571777
-1.0979819297790527
-0.5970358848571777
-0.8369803428649902
-1.0743308067321777
-1.2221121788024902
-1.1806235313415527
-0.7368369102478027
-1.1879782676696777
-0.7296500205993652
-1.0049643516540527
-1.0162405967712402
-1.1368765830993652
-0.7784323692321777
-1.1208853721618652
-1.1185812950134277
-0.9600882530212402
-0.9329276084899902
-0.9068198204040527
-1.0333151817321777
-1.1083884239196777
-1.0993247032165527
-1.0858359336853027
-0.9818472862243652
-0.9887290000915527
-0.8929190635681152
-0.9216818809509277
-0.7610220909118652
-0.37277746200561523
-0.36388158798217773
-0.7116599082946777
-0.7574667930603027
-0.35873937606811523
-0.6719107627868652
-0.7101950645446777
-0.6452536582946777
-0.6481680870056152
-0.6534934043884277
-0.36900854110717773
-0.46135473251342773
-0.8310751914978027
-0.6107077598571777
-0.6329703330993652
-0.8335776329040527
-1.0715079307556152
-1.1647696495056152
-1.1166434288024902
-0.5610861778259277
-1.3396658897399902
-1.3044180870056152
-1.3117423057556152
-1.0999197959899902
-1.1806540489196777
-1.2839713096618652
-0.7212424278259277
-1.2888083457946777
-1.2690176963806152
-1.2162375450134277
-0.6363272666931152
-0.7010245323181152
-1.3746848106384277
-1.3170065879821777
-1.4022574424743652
-0.7641806602478027
-1.2113242149353027
-1.4726614952087402
-1.2096152305603027
-1.3779654502868652
-0.5682272911071777
-1.6205039024353027
-1.0112051963806152
-1.2058615684509277
-1.3854727745056152
-1.3701224327087402
-1.5431723594665527
-1.5285391807556152
-1.5145621299743652
-0.5856375694274902
-1.1344809532165527
-1.2323660850524902
-1.0771536827087402
-0.8276724815368652
-1.1628317832946777
-1.1568350791931152
-1.1327261924743652
-1.1349997520446777
-1.1165060997009277
-1.1201682090759277
-1.0971274375915527
-0.7743124961853027
-0.8004202842712402
-0.8593497276306152
-0.35207128524780273
-0.5276389122009277
-0.6437430381774902
-0.6637473106384277
-0.35909032821655273
-0.8135733604431152
-0.8083701133728027
-0.8050894737243652
-0.8781180381774902
-0.9379935264587402
-0.5731101036071777
-0.6867575645446777
-0.8763022422790527
-1.0972647666931152
-1.0517935752868652
-1.2977347373962402
-1.2098746299743652
-1.1145224571228027
-1.4224600791931152
-1.5077414512634277
-1.2639060020446777
-1.2840476036071777
-1.3010764122009277
-0.7295126914978027
-1.3449301719665527
-0.6131949424743652
-1.3752188682556152
-0.7931876182556152
-0.5975241661071777
-1.4658408164978027
-1.1547598838806152
-1.6248526573181152
-1.5309042930603027
-1.3793234825134277
-1.1751151084899902
-0.5857443809509277
-0.9637351036071777
-1.2054953575134277
-1.1066336631774902
-1.1247458457946777
-1.1430563926696777
-1.1614737510681152
-1.1807456016540527
-1.5882925987243652
-1.5676779747009277
-1.5473074913024902
-1.2571158409118652
-1.0750174522399902
-0.6224265098571777
-0.6455588340759277
-1.1483206748962402
-1.1565451622009277
-0.7797446250915527
-1.1614279747009277
-1.1602377891540527
-0.9026694297790527
-0.5280203819274902
-0.5052390098571777
-1.0744833946228027
-1.0781912803649902
-1.0906882286071777
-0.9044852256774902
-0.8898062705993652
-0.9518179893493652
-0.6744589805603027
-0.7472891807556152
-0.8227591514587402
-0.6254630088806152
-0.35072851181030273
-0.6445212364196777
-0.6468558311462402
-0.6587119102478027
-0.6679587364196777
-0.46837377548217773
-0.8042502403259277
-0.8882651329040527
-0.7217917442321777
-1.0108847618103027
-0.8317465782165527
-1.0665335655212402
-0.5173544883728027
-1.0685172080993652
-1.2284750938415527
-1.1474509239196777
-1.1851859092712402
-1.2460684776306152
-1.2658896446228027
-1.0973258018493652
-1.0635886192321777
-0.9684195518493652
-1.4197134971618652
-1.4300894737243652
-1.4422202110290527
-1.2869467735290527
-1.2567954063415527
-0.5957541465759277
-1.5470786094665527
-1.2850699424743652
-0.6141715049743652
-1.2720999717712402
-0.6341452598571777
-1.5718131065368652
-0.6142783164978027
-0.8651328086853027
-1.4742484092712402
-0.9475913047790527
-1.1026206016540527
-1.1317648887634277
-1.3947653770446777
-1.1534781455993652
-0.6353201866149902
-1.0668387413024902
-1.0410666465759277
-1.0158743858337402
-1.0726218223571777
-1.1366477012634277
-1.1053214073181152
-1.1240744590759277
-0.7661795616149902
-0.5715842247009277
-0.36119604110717773
-0.46565771102905273
-0.8335471153259277
-0.8061881065368652
-0.8982138633728027
-0.9632315635681152
-0.7310538291931152
-0.8416495323181152
-0.9902243614196777
-1.1970114707946777
-1.1774954795837402
-0.5252585411071777
-1.4140677452087402
-0.5452475547790527
-1.2821249961853027
-0.9226279258728027
-1.2692008018493652
-1.2778830528259277
-0.6220602989196777
-0.6421713829040527
-0.6812338829040527
-1.6274313926696777
-1.6633353233337402
-1.0258078575134277
-1.3326926231384277
-1.0602927207946777
-0.9175620079040527
-1.1638998985290527
-1.0549674034118652
-1.0136313438415527
-1.0417990684509277
-0.8607993125915527
-0.6457114219665527
-0.7201285362243652
-0.6707510948181152
-0.8084464073181152
-1.1129355430603027
-1.1635794639587402
-1.1506094932556152
-1.1191763877868652
-0.9903464317321777
-0.45525121688842773
-1.0647330284118652
-1.1055808067321777
-0.8900504112243652
-0.9709067344665527
-1.0459189414978027
-0.8028769493103027
-0.7286887168884277
-0.8352255821228027
-0.6884055137634277
-0.7803244590759277
-0.5634665489196777
-0.5093588829040527
-0.44868993759155273
-0.8282065391540527
-0.8100028038024902
-0.9023642539978027
-0.9676260948181152
-0.5953879356384277
-0.9459280967712402
-0.8531851768493652
-1.0895590782165527
-0.5128684043884277
-1.2507987022399902
-0.5326895713806152
-1.4965567588806152
-1.3234305381774902
-1.1564688682556152
-1.1235404014587402
-1.0911307334899902
-1.0598349571228027
-1.3061575889587402
-1.3566184043884277
-1.6235861778259277
-1.2870688438415527
-0.7605185508728027
-0.7391867637634277
-0.6651663780212402
-1.5109610557556152
-1.1157431602478027
-1.0520377159118652
-1.0058493614196777
-1.0285696983337402
-0.6863760948181152
-0.8335928916931152
-0.7589621543884277
-0.7817282676696777
-0.8033957481384277
-0.6588034629821777
-1.1062369346618652
-1.1595511436462402
-1.0917868614196777
-1.0705161094665527
-1.0846762657165527
-1.1572470664978027
-0.48946142196655273
-0.43843603134155273
-0.9500937461853027
-1.0438132286071777
-0.41080236434936523
-0.7542777061462402
-0.8793387413024902
-0.6612906455993652
-0.7110190391540527
-0.38646459579467773
-0.43791723251342773
-0.8487753868103027
-0.9728751182556152
-0.6506400108337402
-0.6744437217712402
-0.6997885704040527
-0.9484152793884277
-0.5367636680603027
-0.5192618370056152
-1.1411795616149902
-0.5186820030212402
-1.2895712852478027
-1.6177573204040527
-0.5782370567321777
-1.5568137168884277
-1.5714011192321777
-1.6090903282165527
-1.3066000938415527
-1.6891531944274902
-1.3150839805603027
-1.3485465049743652
-0.7364096641540527
-0.6957602500915527
-0.7240958213806152
-0.7740988731384277
-0.8806967735290527
-0.5968527793884277
-0.5718283653259277
-1.0255789756774902
-1.0381369590759277
-1.1588492393493652
-1.1508536338806152
-0.47073888778686523
-0.8954520225524902
-0.9268240928649902
-1.0395712852478027
-0.7799582481384277
-0.9223837852478027
-0.37222814559936523
-0.5334830284118652
-0.8980002403259277
-0.8989615440368652
-0.5867514610290527
-0.9320425987243652
-1.0278830528259277
-1.2691855430603027
-1.3346610069274902
-0.5450186729431152
-1.3404288291931152
-0.5655417442321777
-1.4221243858337402
-1.3221487998962402
-1.5450949668884277
-1.6973776817321777
-1.7348685264587402
-1.7321219444274902
-0.8412528038024902
-0.8184409141540527
-0.7975211143493652
-0.7291159629821777
-0.7556815147399902
-0.7374014854431152
-0.7212424278259277
-1.0598349571228027
-0.9835410118103027
-0.7380423545837402
-0.7649588584899902
-0.7897238731384277
-0.8576254844665527
-0.9347739219665527
-1.0364279747009277
-0.9386496543884277
-0.41792821884155273
-0.7354941368103027
-0.6478934288024902
-0.38477087020874023
-0.6786398887634277
-0.7382864952087402
-0.5160574913024902
-0.39867162704467773
-0.46614599227905273
-0.8793845176696777
-0.6397757530212402
-1.1019949913024902
-1.4408774375915527
-1.3452811241149902
-1.3352103233337402
-1.2774100303649902
-1.2482504844665527
-1.2185416221618652
-0.5928549766540527
-1.3097739219665527
-1.3227286338806152
-1.7568869590759277
-0.9800772666931152
-1.3345847129821777
-0.7583060264587402
-0.9601340293884277
-1.0678000450134277
-1.0210776329040527
-0.7782492637634277
-1.0061850547790527
-0.8524680137634277
-0.9324088096618652
-0.6412100791931152
-0.6160941123962402
-1.0315299034118652
-1.0586752891540527
-1.0808615684509277
-1.1013388633728027
-1.1200308799743652
-1.0768637657165527
-1.0623679161071777
-1.0474905967712402
-1.0619406700134277
-0.9957175254821777
-0.9389548301696777
-0.8284964561462402
-0.8973441123962402
-0.9547476768493652
-0.8938193321228027
-0.8726553916931152
-0.8524680137634277
-0.8331503868103027
-0.41472387313842773
-0.40634679794311523
-0.5848746299743652
-0.6869406700134277
-0.7905020713806152
-0.40033483505249023
-0.8911337852478027
-1.0230307579040527
-0.8905081748962402
-0.5787711143493652
-1.0973715782165527
-1.1466574668884277
-1.2383017539978027
-1.4463706016540527
-1.2978415489196777
-0.5580191612243652
-1.6801810264587402
-1.1932272911071777
-1.8134512901306152
-1.0747275352478027
-0.6402182579040527
-0.8367209434509277
-0.7932791709899902
-0.7835593223571777
-0.7843985557556152
-0.7860312461853027
-1.0829977989196777
-0.8702445030212402
-0.7534842491149902
-0.9832358360290527
-1.0262045860290527
-0.9584555625915527
-1.0257468223571777
-0.9787650108337402
-0.9917044639587402
-1.0170340538024902
-0.5702414512634277
-0.9554648399353027
-1.0950217247009277
-1.0391440391540527
-0.9856314659118652
-0.9916586875915527
-0.8977408409118652
-1.0116934776306152
-0.8658194541931152
-0.8246665000915527
-0.9773917198181152
-0.7182211875915527
-0.8901419639587402
-0.8293051719665527
-0.6708579063415527
-0.40942907333374023
-0.7460532188415527
-0.6673178672790527
-0.7038626670837402
-0.7124991416931152
-0.7360281944274902
-0.7506613731384277
-0.5300192832946777
-0.43103551864624023
-0.47475194931030273
-0.9194388389587402
-0.8899893760681152
-1.0092062950134277
-1.0840964317321777
-0.6789603233337402
-0.8099875450134277
-1.2364554405212402
-0.5861258506774902
-1.3057913780212402
-1.3775229454040527
-0.5641837120056152
-0.5649771690368652
-1.1970267295837402
-0.6283011436462402
-1.8041739463806152
-0.8201193809509277
-0.8277335166931152
-0.9884696006774902
-0.7899069786071777
-0.9881491661071777
-0.9158682823181152
-0.8706870079040527
-0.9544577598571777
-0.8587851524353027
-0.8313498497009277
-0.8560843467712402
-0.7924246788024902
-0.7931876182556152
-0.7966361045837402
-0.7153525352478027
-0.45137548446655273
-0.44113683700561523
-0.6500906944274902
-0.43364477157592773
-0.8869986534118652
-0.7069602012634277
-0.8641867637634277
-0.7702231407165527
-0.42299413681030273
-0.5547995567321777
-0.6887412071228027
-0.43425512313842773
-0.5123190879821777
-0.9804587364196777
-1.0682272911071777
-1.3648276329040527
-1.3723349571228027
-1.3808646202087402
-1.3913321495056152
-1.2760367393493652
-1.5596365928649902
-1.4823508262634277
-1.5986533164978027
-1.5115256309509277
-0.5923819541931152
-1.5310721397399902
-1.5375418663024902
-1.7386374473571777
-1.7629141807556152
-1.5215353965759277
-1.7552084922790527
-0.6344199180603027
-1.5317282676696777
-1.6558127403259277
-1.3072714805603027
-1.7823233604431152
-1.0751852989196777
-0.6990561485290527
-0.9846854209899902
-0.9634757041931152
-0.8117423057556152
-0.9911398887634277
-0.8594717979431152
-0.8690695762634277
-1.0335440635681152
-0.9881186485290527
-1.0045981407165527
-0.7180685997009277
-0.6916251182556152
-0.9534201622009277
-0.9706931114196777
-0.8547110557556152
-0.5255942344665527
-0.8131155967712402
-0.7723288536071777
-0.8451132774353027
-0.7325644493103027
-0.7541098594665527
-0.7344412803649902
-0.9325003623962402
-0.6277518272399902
-0.6302695274353027
-0.5694937705993652
-0.5464224815368652
-0.5267539024353027
-0.44634008407592773
-0.5375876426696777
-0.6939291954040527
-0.5165762901306152
-0.9436850547790527
-0.9368491172790527
-1.0751090049743652
-0.6664633750915527
-1.2223715782165527
-1.2261710166931152
-1.2334342002868652
-1.2428336143493652
-1.1011862754821777
-1.4114279747009277
-1.4864859580993652
-0.5992636680603027
-0.5986533164978027
-1.3381247520446777
-1.4410758018493652
-1.6483206748962402
-1.6446280479431152
-1.3824515342712402
-0.6208853721618652
-1.3783621788024902
-0.6428732872009277
-1.1529746055603027
-1.2166495323181152
-1.0635581016540527
-1.1533560752868652
-0.9239401817321777
-1.1106009483337402
-1.0483756065368652
-0.9863028526306152
-0.8985800743103027
-0.9064383506774902
-1.0211234092712402
-1.0351462364196777
-1.0461783409118652
-0.9265799522399902
-0.7621207237243652
-0.6471610069274902
-0.7200217247009277
-0.6100058555603027
-0.6026053428649902
-0.5281882286071777
-0.5865378379821777
-0.5060172080993652
-0.46173620223999023
-0.48717260360717773
-0.48750829696655273
-0.49423742294311523
-0.5020651817321777
-0.5106101036071777
-0.6030020713806152
-0.9660391807556152
-1.0933890342712402
-1.1301169395446777
-1.1483817100524902
-0.7769980430603027
-0.8918356895446777
-1.1807150840759277
-1.2403464317321777
-1.2630820274353027
-0.6484122276306152
-1.2133383750915527
-1.2574515342712402
-1.3648581504821777
-1.3345847129821777
-1.3528952598571777
-1.3782706260681152
-0.6268973350524902
-1.2170004844665527
-1.1744894981384277
-1.1417899131774902
-1.0884909629821777
-1.0295310020446777
-0.9875693321228027
-0.9386496543884277
-0.9439291954040527
-1.0455527305603027
-1.0353293418884277
-0.9848837852478027
-1.0524802207946777
-1.0631155967712402
-1.0385031700134277
-1.0054068565368652
-0.5058035850524902
-0.6300253868103027
-0.49588537216186523
-0.6390280723571777
-0.6195883750915527
-0.6265006065368652
-0.5432486534118652
-0.7193961143493652
-0.8816733360290527
-0.8765769004821777
-0.5031485557556152
-0.5375418663024902
-0.5909781455993652
-0.49034643173217773
-0.47485876083374023
-0.46124792098999023
-1.0041556358337402
-0.9585165977478027
-1.3115744590759277
-1.1570639610290527
-1.2576041221618652
-1.3867697715759277
-1.2039389610290527
-1.3079276084899902
-1.2918753623962402
-1.2634787559509277
-1.2343649864196777
-1.2050681114196777
-1.3336844444274902
-1.2088522911071777
-0.6576437950134277
-1.3120474815368652
-1.3452048301696777
-1.3168082237243652
-1.2320914268493652
-0.6781821250915527
-1.2600302696228027
-1.2229971885681152
-0.9775290489196777
-1.1830954551696777
-1.1659293174743652
-1.1268210411071777
-1.1085867881774902
-1.0906882286071777
-0.9791312217712402
-0.9807791709899902
-0.9153037071228027
-1.0809988975524902
-1.0869956016540527
-0.6808371543884277
-0.6201987266540527
-0.5414633750915527
-0.5988364219665527
-0.5985312461853027
-0.6876578330993652
-0.5110373497009277
-0.6447043418884277
-0.5928702354431152
-0.5008902549743652
-0.5401206016540527
-0.7726645469665527
-0.7874960899353027
-0.8038077354431152
-0.48544836044311523
-0.48560094833374023
-0.46138525009155273
-0.5652060508728027
-0.42691564559936523
-0.5576987266540527
-0.46367406845092773
-0.44894933700561523
-0.43605566024780273
-1.0027365684509277
-1.0055899620056152
-1.0106253623962402
-1.0179495811462402
-1.0448203086853027
-1.0296530723571777
-1.4254202842712402
-1.2913565635681152
-1.1047263145446777
-1.2415060997009277
-1.0188498497009277
-1.0291647911071777
-1.0410971641540527
-1.3200583457946777
-1.0920310020446777
-0.7320761680603027
-0.8227438926696777
-1.1471610069274902
-0.8672995567321777
-0.8911185264587402
-1.1237998008728027
-1.0146689414978027
-1.0115714073181152
-1.0150656700134277
-0.9863791465759277
-0.6164298057556152
-0.7827506065368652
-0.7984213829040527
-0.8156332969665527
-0.48019933700561523
-0.5249228477478027
-0.7820944786071777
-0.7283225059509277
-0.5280661582946777
-0.9882559776306152
-1.0202689170837402
-1.0779471397399902
-1.0823111534118652
-1.1695151329040527
-1.1328482627868652
-1.1824088096618652
-0.7957663536071777
-0.7417807579040527
-1.2865653038024902
-1.4555869102478027
-1.0465292930603027
-1.0133872032165527
-0.9817099571228027
-0.9513144493103027
-0.7166190147399902
-1.1901907920837402
-0.6926169395446777
-0.9430441856384277
-0.6932578086853027
-0.9984030723571777
-0.8317923545837402
-0.9447989463806152
-1.1297354698181152
-1.0496268272399902
-1.0470633506774902
-1.0434470176696777
-1.0415244102478027
-1.0415396690368652
-0.9537253379821777
-1.1011099815368652
-0.9773764610290527
-1.0208182334899902
-0.9199881553649902
-0.6107077598571777
-0.6295371055603027
-0.5314536094665527
-0.6249442100524902
-0.6183524131774902
-0.7918601036071777
-0.8084921836853027
-0.8262228965759277
-0.47820043563842773
-0.5493369102478027
-0.5585074424743652
-0.44081640243530273
-0.6917471885681152
-0.38205480575561523
-0.5661215782165527
-0.37204504013061523
-0.9258627891540527
-0.9418234825134277
-0.9835715293884277
-1.0446372032165527
-1.2023215293884277
-1.2152915000915527
-0.8290457725524902
-1.4349875450134277
-0.7736716270446777
-0.7472128868103027
-1.2672934532165527
-1.2952933311462402
-0.7240500450134277
-0.8925223350524902
-0.7230277061462402
-1.1660208702087402
-0.9738974571228027
-1.1112418174743652
-1.0752768516540527
-0.8619132041931152
-1.1119742393493652
-0.9435019493103027
-0.8355612754821777
-0.7916159629821777
-0.7492575645446777
-0.7077994346618652
-0.6315817832946777
-0.7258963584899902
-0.8899741172790527
-0.6180319786071777
-0.5813193321228027
-0.8175711631774902
-0.5752615928649902
-0.5242667198181152
-0.8098044395446777
-0.33650732040405273
-0.6577506065368652
-0.8932394981384277
-0.8982596397399902
-0.9466452598571777
-0.9968619346618652
-1.0079245567321777
-1.2644553184509277
-1.2446646690368652
-1.1918997764587402
-1.3438162803649902
-0.9463400840759277
-0.8257956504821777
-1.2470755577087402
-1.0912528038024902
-0.8642020225524902
-1.4609885215759277
-0.8068442344665527
-1.2571768760681152
-0.7800192832946777
-1.2866568565368652
-0.7558188438415527
-0.8298392295837402
-0.7552390098571777
-0.8868460655212402
-1.1991477012634277
-1.2148795127868652
-1.0027670860290527
-0.9443564414978027
-1.0349631309509277
-0.9384818077087402
-0.7871603965759277
-1.0783133506774902
-1.0243582725524902
-0.9272665977478027
-0.7745413780212402
-1.0724387168884277
-1.0118155479431152
-0.9121298789978027
-0.7549338340759277
-1.0840506553649902
-1.0933127403259277
-1.0901236534118652
-0.9554343223571777
-1.0580344200134277
-1.0091757774353027
-0.8252921104431152
-0.8009848594665527
-0.9623312950134277
-0.7413077354431152
-0.6545004844665527
-0.5981802940368652
-0.6170859336853027
-0.6420035362243652
-0.5057272911071777
-0.6031546592712402
-0.5844016075134277
-0.8628897666931152
-0.6125845909118652
-0.6433920860290527
-0.7750601768493652
-0.40468358993530273
-0.7249350547790527
-0.29955053329467773
-0.36101293563842773
-0.34702062606811523
-0.38545751571655273
-0.37451696395874023
-1.2204184532165527
-1.1585440635681152
-1.3029379844665527
-1.2861380577087402
-0.9364829063415527
-1.2155356407165527
-1.3813376426696777
-1.2767081260681152
-0.7087607383728027
-0.9006857872009277
-0.8419089317321777
-1.3075461387634277
-0.8143362998962402
-0.7883200645446777
-0.7888388633728027
-1.1939902305603027
-0.9294486045837402
-1.1518912315368652
-1.0309805870056152
-1.0931448936462402
-1.1288504600524902
-1.1019492149353027
-1.0858054161071777
-1.0422263145446777
-1.0047965049743652
-1.0123038291931152
-1.0150046348571777
-0.9546866416931152
-1.0212302207946777
-0.8844962120056152
-0.6754202842712402
-0.6709189414978027
-0.6577048301696777
-0.5379843711853027
-0.7385764122009277
-0.8735709190368652
-0.6075034141540527
-0.48116064071655273
-0.5493216514587402
-0.6593985557556152
-0.49136877059936523
-0.41179418563842773
-0.37404394149780273
-0.5720572471618652
-0.5081839561462402
-0.43752050399780273
-0.8647513389587402
-0.8948721885681152
-1.2590079307556152
-0.8953757286071777
-1.3424887657165527
-1.2742667198181152
-1.2218527793884277
-1.2215628623962402
-1.2722983360290527
-1.2875266075134277
-0.7484488487243652
-0.8061423301696777
-0.8970236778259277
-0.9837851524353027
-1.0029196739196777
-1.0217795372009277
-1.0401816368103027
-1.2163901329040527
-1.0840048789978027
-0.9750113487243652
-1.0619101524353027
-1.0783896446228027
-1.0240683555603027
-0.8771567344665527
-0.7894797325134277
-0.9665427207946777
-1.0299429893493652
-0.8911490440368652
-0.9653830528259277
-0.6071524620056152
-0.6652731895446777
-0.7552695274353027
-0.8645377159118652
-0.5126090049743652
-0.6124014854431152
-0.6575522422790527
-0.46036291122436523
-0.6687979698181152
-0.6713461875915527
-0.6739096641540527
-0.6769309043884277
-0.8183493614196777
-0.36993932723999023
-0.31117773056030273
-0.26437902450561523
-0.5244040489196777
-0.33371496200561523
-0.37051916122436523
-0.8823904991149902
-0.6899619102478027
-1.3506064414978027
-1.4458518028259277
-1.5031485557556152
-0.6479849815368652
-1.2258505821228027
-0.6626181602478027
-0.7292075157165527
-0.9073081016540527
-1.1855826377868652
-1.0957541465759277
-1.0648550987243652
-1.0331473350524902
-0.9888358116149902
-1.1015830039978027
-1.0522055625915527
-0.8794302940368652
-1.0030875205993652
-0.9784750938415527
-0.8734641075134277
-1.0831198692321777
-0.9017081260681152
-0.7631735801696777
-0.9174094200134277
-1.0171256065368652
-0.5989127159118652
-0.9175925254821777
-0.9216361045837402
-1.0038352012634277
-0.8182425498962402
-0.8086447715759277
-0.7669577598571777
-0.49106359481811523
-0.6834921836853027
-0.6765494346618652
-0.38034582138061523
-0.41940832138061523
-0.6956686973571777
-0.5419821739196777
-0.33592748641967773
-0.7605490684509277
-0.7331137657165527
-0.7073416709899902
-0.6830801963806152
-0.6206564903259277
-1.3068442344665527
-1.1491599082946777
-0.6160025596618652
-1.1033377647399902
-1.2313895225524902
-0.6447653770446777
-0.9414877891540527
-0.8070273399353027
-0.9163107872009277
-1.1588339805603027
-1.0736899375915527
-1.0402884483337402
-1.0790305137634277
-0.8961691856384277
-0.8338217735290527
-0.9117178916931152
-0.7677512168884277
-0.7588553428649902
-0.7448630332946777
-0.7397055625915527
-0.8843283653259277
-0.7615408897399902
-0.8224692344665527
-1.0242667198181152
-0.8541007041931152
-0.9384360313415527
-0.9300131797790527
-0.9336142539978027
-0.7792868614196777
-0.6571707725524902
-0.7616782188415527
-0.7468771934509277
-0.7196555137634277
-0.7102866172790527
-0.8222556114196777
-0.7053122520446777
-0.44533300399780273
-0.32121801376342773
-0.27133703231811523
-0.27367162704467773
-0.33908605575561523
-0.33006811141967773
-0.43460607528686523
-0.8573508262634277
-0.9006857872009277
-0.6112265586853027
-1.1288199424743652
-1.2660269737243652
-0.9931845664978027
-1.1911368370056152
-1.4415335655212402
-1.4002127647399902
-0.5876822471618652
-1.5080924034118652
-0.5989584922790527
-0.6130728721618652
-0.9474234580993652
-0.9479880332946777
-0.8302817344665527
-0.9782919883728027
-1.0036826133728027
-1.0837912559509277
-1.0721640586853027
-0.9767966270446777
-1.0948233604431152
-1.1565451622009277
-1.0435843467712402
-0.9900412559509277
-0.7914328575134277
-0.7243399620056152
-0.6861929893493652
-0.8221182823181152
-0.8587546348571777
-1.0577139854431152
-0.8865561485290527
-0.9259848594665527
-0.7559256553649902
-0.6990714073181152
-0.7190909385681152
-0.6495108604431152
-0.7269797325134277
-0.6096549034118652
-0.7138724327087402
-0.6931815147399902
-0.27670812606811523
-0.31038427352905273
-0.22797155380249023
-0.35634374618530273
-0.36240148544311523
-1.0151114463806152
-0.7825827598571777
-0.5726218223571777
-0.5641989707946777
-1.5314841270446777
-1.4016470909118652
-1.3422904014587402
-1.3411765098571777
-0.7516684532165527
-1.0116171836853027
-1.0600333213806152
-1.1128897666931152
-1.2181448936462402
-1.1150717735290527
-1.1645712852478027
-1.0110678672790527
-1.1423850059509277
-0.8009390830993652
-0.7537589073181152
-0.7378592491149902
-0.6399893760681152
-0.7652487754821777
-0.6649527549743652
-0.8400626182556152
-0.9175314903259277
-0.8947043418884277
-0.9308066368103027
-0.9780783653259277
-0.8306784629821777
-0.8128867149353027
-0.6048789024353027
-0.6372580528259277
-0.7051749229431152
-0.7091422080993652
-0.7094016075134277
-0.7224173545837402
-0.7319235801696777
-0.5618948936462402
-0.7801413536071777
-0.5014548301696777
-0.44351720809936523
-0.7238821983337402
-0.33157873153686523
-0.22731542587280273
-0.22099828720092773
-0.33075475692749023
-0.38489294052124023
-0.34032201766967773
-0.8281149864196777
-0.8623099327087402
-0.8957419395446777
-0.9517264366149902
-0.9653525352478027
-0.8463644981384277
-1.2306265830993652
-1.1700186729431152
-1.3213706016540527
-0.5479331016540527
-1.2319083213806152
-1.4134421348571777
-1.5539298057556152
-1.3272452354431152
-1.0396780967712402
-1.0421042442321777
-1.1059622764587402
-1.2041220664978027
-1.1816153526306152
-0.7076926231384277
-1.0570425987243652
-0.7500052452087402
-0.8329520225524902
-0.7708334922790527
-0.6299643516540527
-0.7084097862243652
-0.6829733848571777
-0.5979971885681152
-0.6216330528259277
-0.6523337364196777
-0.9370779991149902
-0.8259482383728027
-0.8903861045837402
-0.8242545127868652
-0.9155325889587402
-0.8339133262634277
-0.7958426475524902
-0.8815817832946777
-0.8010458946228027
-0.5876059532165527
-0.40874242782592773
-0.7025504112243652
-0.7129263877868652
-0.6960043907165527
-0.5804343223571777
-0.5696310997009277
-0.46909093856811523
-0.7376914024353027
-0.5390677452087402
-0.42610692977905273
-0.23232030868530273
-0.25841283798217773
-0.20190954208374023
-0.46587133407592773
-0.33867406845092773
-0.8440451622009277
-0.8843588829040527
-0.7496695518493652
-1.0538229942321777
-0.5460104942321777
-1.5584769248962402
-1.4907126426696777
-0.5840048789978027
-1.3687491416931152
-1.1214804649353027
-1.1021170616149902
-1.1698966026306152
-1.1012473106384277
-1.1004233360290527
-1.0254874229431152
-0.7024741172790527
-0.7772116661071777
-0.6462912559509277
-0.7177634239196777
-0.5815482139587402
-0.6520438194274902
-0.5745291709899902
-0.5647177696228027
-0.6367545127868652
-0.5618338584899902
-0.6341452598571777
-0.7704062461853027
-0.8093771934509277
-0.9204916954040527
-0.8171591758728027
-0.9228720664978027
-0.9111685752868652
-0.8752799034118652
-0.8985648155212402
-0.7309317588806152
-0.7803549766540527
-0.5930075645446777
-0.45273351669311523
-0.6055350303649902
-0.7061057090759277
-0.5922293663024902
-0.49532079696655273
-0.27719640731811523
-0.19806432723999023
-0.5598807334899902
-0.41429662704467773
-0.8014731407165527
-0.8033804893493652
-0.8073630332946777
-0.8133749961853027
-1.0028891563415527
-1.0864462852478027
-0.5295615196228027
-0.5236716270446777
-1.2367300987243652
-1.3557944297790527
-1.3728842735290527
-1.6669363975524902
-1.2479453086853027
-1.2831320762634277
-1.0470175743103027
-1.1891837120056152
-1.1522116661071777
-1.1503500938415527
-1.1387381553649902
-0.7238516807556152
-0.5937552452087402
-0.5956931114196777
-0.5445151329040527
-0.6141104698181152
-0.7952933311462402
-0.7767539024353027
-0.9061789512634277
-0.9717612266540527
-0.8904318809509277
-0.9097037315368652
-0.8946738243103027
-0.7409873008728027
-0.5255331993103027
-0.6297965049743652
-0.42076635360717773
-0.40135717391967773
-0.35670995712280273
-0.8105826377868652
-0.8298392295837402
-0.6433768272399902
-0.6203360557556152
-0.5200095176696777
-1.6404929161071777
-1.5702567100524902
-1.4790854454040527
-1.1965079307556152
-1.2117362022399902
-1.1891989707946777
-1.1426444053649902
-1.0852713584899902
-0.9901175498962402
-0.6043295860290527
-0.6129660606384277
-0.5479941368103027
-0.6019034385681152
-0.6705832481384277
-0.7838644981384277
-0.9482932090759277
-0.9441275596618652
-0.9096121788024902
-0.7523550987243652
-0.6911978721618652
-0.41010046005249023
-0.6489615440368652
-0.5416769981384277
-0.37930822372436523
-0.5481314659118652
-0.5704550743103027
-0.5928244590759277
-0.6148886680603027
-0.6443076133728027
-0.5963492393493652
-0.6194052696228027
-0.6149497032165527
-0.6132407188415527
-0.43028783798217773
-0.25909948348999023
-0.41060400009155273
-0.22206640243530273
-0.30347204208374023
-0.19453954696655273
-0.36501073837280273
-0.35556554794311523
-0.35394811630249023
-0.8488059043884277
-0.7214255332946777
-1.1691641807556152
-1.3063254356384277
-1.2307944297790527
-1.4011893272399902
-1.7329916954040527
-1.5416007041931152
-0.6395621299743652
-1.2163748741149902
-1.2105765342712402
-1.1782584190368652
-1.1924796104431152
-1.2215476036071777
-1.1305136680603027
-0.9403738975524902
-1.0001578330993652
-0.6721854209899902
-0.6183829307556152
-0.5333914756774902
-0.5269370079040527
-0.6607718467712402
-0.6972250938415527
-0.7355399131774902
-0.6918387413024902
-0.8459677696228027
-0.8041892051696777
-0.9100546836853027
-0.7539572715759277
-0.7651572227478027
-0.7932791709899902
-0.34395360946655273
-0.6239523887634277
-0.32147741317749023
-0.49582433700561523
-0.5175375938415527
-0.5400900840759277
-0.5631766319274902
-0.5625357627868652
-0.44138097763061523
-0.5783591270446777
-0.5715842247009277
-0.24780797958374023
-0.42140722274780273
-0.38910436630249023
-0.21535253524780273
-0.30658483505249023
-0.8345847129821777
-0.8588767051696777
-0.7520804405212402
-0.8854422569274902
-1.2277121543884277
-1.1792044639587402
-1.2402853965759277
-1.5106558799743652
-0.5235190391540527
-1.4123282432556152
-1.3827109336853027
-1.7494254112243652
-1.8143362998962402
-1.3445944786071777
-1.2742209434509277
-1.2073264122009277
-1.0502524375915527
-0.6944785118103027
-0.8676352500915527
-0.9069876670837402
-0.9473166465759277
-1.2179770469665527
-1.1716055870056152
-0.8298850059509277
-0.7190451622009277
-0.6716971397399902
-0.5572562217712402
-0.5054831504821777
-0.5203299522399902
-0.49429845809936523
-0.5208945274353027
-0.6170096397399902
-0.7991843223571777
-0.7619681358337402
-0.8680777549743652
-0.9309744834899902
-0.9391989707946777
-0.46251440048217773
-0.8947348594665527
-0.6194205284118652
-0.8115592002868652
-0.8245444297790527
-0.6436057090759277
-0.6629233360290527
-0.30455541610717773
-0.5631155967712402
-0.6041922569274902
-0.29491186141967773
-0.5943808555603027
-0.5092215538024902
-0.5535025596618652
-0.23831701278686523
-0.5322012901306152
-0.21109533309936523
-0.31184911727905273
-0.19191503524780273
-0.5492148399353027
-0.43657445907592773
-0.37538671493530273
-0.8458762168884277
-0.8697257041931152
-1.2392325401306152
-1.1891989707946777
-1.1219382286071777
-1.2494406700134277
-1.5217185020446777
-0.5530753135681152
-1.3693289756774902
-1.7606558799743652
-1.4422049522399902
-1.8270468711853027
-1.6397299766540527
-1.6019644737243652
-1.5675253868103027
-1.2650809288024902
-1.1689505577087402
-1.1551413536071777
-1.0257468223571777
-1.1232657432556152
-0.9457297325134277
-0.8880820274353027
-0.6153159141540527
-0.5604605674743652
-0.5144858360290527
-0.48644018173217773
-0.48882055282592773
-0.7545981407165527
-0.8920798301696777
0.26618432998657227
-0.7888083457946777
-0.8242239952087402
-0.8409781455993652
-0.5936331748962402
-0.35364294052124023
-0.5412497520446777
-0.23047399520874023
-0.5075430870056152
-0.20898962020874023
-0.48903417587280273
-0.49443578720092773
-0.19452428817749023
-0.5174918174743652
-0.43500280380249023
-0.7877707481384277
-1.1990561485290527
-1.3399100303649902
-0.5056967735290527
-1.2579092979431152
-1.4344077110290527
-1.2058615684509277
-1.3138175010681152
-1.7656455039978027
-0.6161704063415527
-1.5743765830993652
-1.5167899131774902
-1.4633688926696777
-1.4150443077087402
-0.9515891075134277
-1.1537222862243652
-1.1836447715759277
-0.7953848838806152
-1.1821494102478027
-1.1425681114196777
-1.0936789512634277
-1.0024924278259277
-0.8345389366149902
-0.6686758995056152
-0.6167960166931152
-0.45528173446655273
-0.43994665145874023
-0.47705602645874023
-0.5737814903259277
-0.6071829795837402
-0.6730246543884277
-0.7824606895446777
-0.8522849082946777
-0.9220786094665527
-0.8805899620056152
-0.8045859336853027
-0.24994421005249023
-0.7061514854431152
-0.5245871543884277
-0.28873205184936523
-0.5555167198181152
-0.47899389266967773
-0.5648703575134277
-0.47704076766967773
-0.47446203231811523
-0.44934606552124023
-0.45262670516967773
-0.45531225204467773
-0.40875768661499023
-0.43709325790405273
-0.40923070907592773
-0.8672995567321777
-0.8839468955993652
-0.9326376914978027
-0.5293784141540527
-0.9296927452087402
-0.5078482627868652
-1.0564017295837402
-1.7630515098571777
-1.0661978721618652
-1.0793051719665527
-0.6705069541931152
-1.2162375450134277
-1.2144827842712402
-1.1997275352478027
-1.1693472862243652
-1.0571494102478027
-0.5195975303649902
-1.1849570274353027
-1.0612082481384277
-0.6153159141540527
-0.5657248497009277
-0.46260595321655273
-0.46005773544311523
-0.44891881942749023
-0.44829320907592773
-0.43245458602905273
-0.46892309188842773
-0.5272116661071777
-0.5083518028259277
-0.8131461143493652
-0.8165335655212402
-0.8992514610290527
-0.5744071006774902
-0.7553610801696777
-0.6563467979431152
-0.6796774864196777
-0.5942587852478027
-0.6119284629821777
-0.5154471397399902
-0.20819616317749023
-0.49194860458374023
-0.49217748641967773
-0.47119665145874023
-0.46584081649780273
-0.37470006942749023
-0.5424704551696777
-0.42372655868530273
-0.44041967391967773
-0.5185751914978027
-0.41571569442749023
-0.8814902305603027
-0.8847250938415527
-1.0114340782165527
-0.5328269004821777
-1.1628012657165527
-0.9329581260681152
-1.0933890342712402
-1.2195639610290527
-1.0103201866149902
-1.3209433555603027
-1.6901450157165527
-1.7644705772399902
-0.6743063926696777
-1.2197012901306152
-1.2222647666931152
-1.2124228477478027
-1.0560202598571777
-1.1685080528259277
-1.0771689414978027
-1.0524039268493652
-1.0186820030212402
-0.9469504356384277
-0.5674796104431152
-0.5174155235290527
-0.46529150009155273
-0.46318578720092773
-0.42773962020874023
-0.49156713485717773
-0.5554099082946777
-0.5884299278259277
-0.6239523887634277
-0.8706564903259277
-0.8330435752868652
-0.8761343955993652
-0.8150992393493652
-0.8346152305603027
-0.8250021934509277
-0.5609335899353027
-0.27354955673217773
-0.43785619735717773
-0.28203344345092773
-0.22414159774780273
-0.42836523056030273
-0.40691137313842773
-0.9512381553649902
-0.9819388389587402
-0.7983298301696777
-0.5376181602478027
-1.1538596153259277
-1.2557578086853027
-0.5164999961853027
-1.0652060508728027
-1.0970358848571777
-1.1297965049743652
-1.3135886192321777
-0.6792044639587402
-1.0566611289978027
-0.8969321250915527
-1.0699667930603027
-0.7760062217712402
-0.7652640342712402
-0.7123160362243652
-0.6676077842712402
-0.6629843711853027
-0.5164542198181152
-0.5632224082946777
-0.6996665000915527
-0.7706503868103027
-0.8374533653259277
-0.9155478477478027
-0.7544913291931152
-0.7189536094665527
-0.5139365196228027
-0.37471532821655273
-0.5025382041931152
-0.43088293075561523
-0.43306493759155273
-0.42337560653686523
-0.46799230575561523
-0.38631200790405273
-0.39793920516967773
-0.45741796493530273
-0.9583945274353027
-0.9819540977478027
-1.0257315635681152
-1.0726218223571777
-1.0941519737243652
-1.1632895469665527
-1.2659811973571777
-1.4417319297790527
-0.9211325645446777
-1.2293143272399902
-1.5279135704040527
-1.6573691368103027
-0.5712180137634277
-1.3415122032165527
-1.2750449180603027
-0.6332907676696777
-0.9536490440368652
-0.8123221397399902
-1.0292410850524902
-1.0947928428649902
-1.0051932334899902
-1.0473074913024902
-0.9638266563415527
-0.8314871788024902
-0.6168417930603027
-0.6089835166931152
-0.46518468856811523
-0.40962743759155273
-0.42137670516967773
-0.45308446884155273
-0.5277915000915527
-0.5917868614196777
-0.9117026329040527
-0.5472617149353027
-0.40353918075561523
-0.33858251571655273
-0.20404577255249023
-0.23708105087280273
-0.32697057723999023
-0.48651647567749023
-0.5298361778259277
-0.36064672470092773
-0.9627280235290527
-0.9761099815368652
-1.0291647911071777
-0.7765555381774902
-0.5639548301696777
-0.5369772911071777
-1.1626791954040527
-1.2533926963806152
-0.5303244590759277
-1.1319479942321777
-0.5381064414978027
-0.5487570762634277
-1.4400992393493652
-0.5622611045837402
-1.6437125205993652
-0.8545889854431152
-1.0951132774353027
-1.0013327598571777
-1.0786643028259277
-1.0383505821228027
-0.8608908653259277
-0.5114035606384277
-0.41022253036499023
-0.40611791610717773
-0.40363073348999023
-0.47594213485717773
-0.49751806259155273
-0.8248496055603027
-0.9103751182556152
-0.9120078086853027
-0.48198461532592773
-0.31491613388061523
-0.25035619735717773
-0.44362401962280273
-0.5203604698181152
-0.35539770126342773
-0.5072836875915527
-0.39671850204467773
-0.5347495079040527
-1.0352377891540527
-1.0669760704040527
-0.5877280235290527
-1.0216879844665527
-1.2665610313415527
-1.4303183555603027
-1.2058768272399902
-0.7985739707946777
-1.2554984092712402
-1.2876181602478027
-1.5091910362243652
-1.4802298545837402
-1.2676749229431152
-1.3088736534118652
-1.3632102012634277
-0.6257681846618652
-0.9088339805603027
-1.0712637901306152
-1.0442404747009277
-0.9897971153259277
-0.8538718223571777
-0.5555319786071777
-0.5170035362243652
-0.41418981552124023
-0.40912389755249023
-0.40834569931030273
-0.40401220321655273
-0.40427160263061523
-0.40071630477905273
-0.40184545516967773
-0.39909887313842773
-0.41805028915405273
-0.49542760848999023
-0.5690512657165527
-0.6209921836853027
-0.7149252891540527
-0.7896780967712402
-0.8188223838806152
-0.8883872032165527
-0.8615317344665527
-0.6373038291931152
-0.6243033409118652
-0.5993094444274902
-0.5775046348571777
-0.22131872177124023
-0.39761877059936523
-0.36301183700561523
-0.5701346397399902
-0.37358617782592773
-1.0385794639587402
-1.0570273399353027
-0.7329306602478027
-0.7061514854431152
-0.6358389854431152
-0.8852896690368652
-0.5557303428649902
-0.8105063438415527
-1.0511679649353027
-1.2259726524353027
-1.3325858116149902
-0.7686972618103027
-1.1833701133728027
-1.3633780479431152
-1.3189291954040527
-1.2566580772399902
-1.4822287559509277
-1.5575766563415527
-0.7577414512634277
-0.7703909873962402
-0.7849783897399902
-0.8499350547790527
-0.9047141075134277
-1.0320487022399902
-1.1598258018493652
-1.0831046104431152
-1.0529379844665527
-0.5507102012634277
-0.40517187118530273
-0.40816259384155273
-0.40402746200561523
-0.40158605575561523
-0.39522314071655273
-0.41406774520874023
-0.49467992782592773
-0.5312705039978027
-0.5641531944274902
-0.7098593711853027
-0.7849783897399902
-0.8141684532165527
-0.8849387168884277
-0.7938437461853027
-0.7292075157165527
-0.7586722373962402
-0.5165457725524902
-0.6689963340759277
-0.34424352645874023
-0.33502721786499023
-0.26825475692749023
-0.49968481063842773
-0.5905051231384277
-0.16100072860717773
-0.5770468711853027
-0.5617270469665527
-0.20789098739624023
-0.22443151473999023
-0.29407262802124023
-1.1088767051696777
-1.1423392295837402
-0.8587393760681152
-1.2285666465759277
-1.1906027793884277
-1.3794913291931152
-1.1698355674743652
-0.7151083946228027
-1.3135581016540527
-0.5803427696228027
-0.5927786827087402
-0.6692862510681152
-0.8458762168884277
-1.0823721885681152
-0.8191123008728027
-0.6098685264587402
-0.5472159385681152
-0.46112585067749023
-0.40291357040405273
-0.39792394638061523
-0.39465856552124023
-0.39308691024780273
-0.41733312606811523
-0.41170263290405273
-0.5211844444274902
-0.5279135704040527
-0.5605368614196777
-0.5836386680603027
-0.7058005332946777
-0.7811789512634277
-0.8823447227478027
-0.7297263145446777
-0.8056387901306152
-0.8633780479431152
-0.8941092491149902
-0.9052329063415527
-0.6788535118103027
-0.5177664756774902
-0.6379752159118652
-0.35823583602905273
-0.15772008895874023
-0.39238500595092773
-0.14780187606811523
-0.17574071884155273
-0.24826574325561523
-0.36031103134155273
-0.33485937118530273
-0.7627768516540527
-0.9326071739196777
-1.1753592491149902
-1.2225089073181152
-1.2338156700134277
-1.3128409385681152
-1.2608237266540527
-0.6862692832946777
-1.2523398399353027
-0.6875205039978027
-1.2371878623962402
-0.7261404991149902
-0.6590323448181152
-1.0050864219665527
-0.9708304405212402
-1.0386557579040527
-1.0069022178649902
-1.0700583457946777
-1.0977835655212402
-1.0698447227478027
-1.0304312705993652
-1.0263113975524902
-0.8404593467712402
-0.7611746788024902
-0.6567740440368652
-0.49611425399780273
-0.39731359481811523
-0.39406347274780273
-0.41089391708374023
-0.46492528915405273
-0.6812796592712402
-0.7460837364196777
-0.8804373741149902
-0.5951743125915527
-0.8885855674743652
-0.6298270225524902
-0.7035422325134277
-0.6795096397399902
-0.33290624618530273
-0.5379538536071777
-0.6389670372009277
-0.6346182823181152
-0.15218114852905273
-0.29060888290405273
-0.7584891319274902
-0.7322287559509277
-0.7076315879821777
-1.1782736778259277
-1.2066092491149902
-1.2619223594665527
-1.0424399375915527
-1.2602133750915527
-1.2585654258728027
-1.1961264610290527
-0.7204031944274902
-0.9114584922790527
-1.0902304649353027
-1.0127615928649902
-0.9344992637634277
-0.9164023399353027
-0.5066123008728027
-0.44415807723999023
-0.45572423934936523
-0.41905736923217773
-0.43289709091186523
-0.46150732040405273
-0.22534704208374023
-0.43910741806030273
-0.8615317344665527
-0.5425772666931152
-0.35364294052124023
-0.34030675888061523
-0.30814123153686523
-0.29181432723999023
-0.5375723838806152
-0.6519370079040527
-0.36832189559936523
-0.34328222274780273
-0.43889379501342773
-0.32213354110717773
-0.36852025985717773
-0.24510717391967773
-1.1355490684509277
-1.1087851524353027
-0.8847250938415527
-1.0908255577087402
-1.2474417686462402
-0.6305747032165527
-1.1936545372009277
-1.3716483116149902
-1.2008109092712402
-0.6310019493103027
-0.7180991172790527
-0.7671866416931152
-0.7928671836853027
-0.8541922569274902
-0.9632620811462402
-1.0340018272399902
-1.0662131309509277
-1.0591940879821777
-1.0533347129821777
-0.8571066856384277
-0.5981040000915527
-0.45055150985717773
-0.42133092880249023
-0.40826940536499023
-0.6561789512634277
-0.7751059532165527
-0.8035788536071777
-0.8460898399353027
-0.5141043663024902
-0.22321081161499023
-0.8138022422790527
-0.8193869590759277
-0.7641043663024902
-0.16609716415405273
-0.7235312461853027
-0.34267187118530273
-0.6025748252868652
-0.6868796348571777
-0.5357871055603027
-0.35735082626342773
-0.42897558212280273
-0.23383092880249023
-0.31825780868530273
-0.6359610557556152
-0.9620566368103027
-1.1316885948181152
-0.7806906700134277
-0.7547812461853027
-1.2507834434509277
-1.2537436485290527
-1.2350363731384277
-0.6701102256774902
-1.3520560264587402
-1.3325858116149902
-1.3418784141540527
-1.4361777305603027
-0.6547446250915527
-1.3043417930603027
-1.4974112510681152
-1.3091788291931152
-0.8739218711853027
-0.9690756797790527
-0.8725638389587402
-0.7469229698181152
-0.6949515342712402
-0.44080114364624023
-0.42642736434936523
-0.40785741806030273
-0.42993688583374023
-0.5144248008728027
-0.6160483360290527
-0.8028769493103027
-0.7896323204040527
-0.7043967247009277
-0.8109335899353027
-0.9106955528259277
-0.9221396446228027
-0.7543387413024902
-0.7645468711853027
-0.29526281356811523
-0.31999731063842773
-0.27722692489624023
-0.5049338340759277
-0.5632681846618652
-0.6521353721618652
-0.6931509971618652
-0.5329489707946777
-0.12421178817749023
-0.31094884872436523
-0.6808981895446777
-0.7830862998962402
-1.1157889366149902
-0.5903830528259277
-0.9074301719665527
-1.3129019737243652
-1.3168387413024902
-1.3219046592712402
-1.0352835655212402
-1.2540946006774902
-1.1277670860290527
-1.2156271934509277
-1.3734335899353027
-1.5517630577087402
-0.6368155479431152
-0.8595938682556152
-0.9923300743103027
-0.8139395713806152
-0.5682730674743652
-0.5394492149353027
-0.47514867782592773
-0.42592382431030273
-0.6843619346618652
-0.8305563926696777
-0.6581931114196777
-0.12419652938842773
-0.6689200401306152
-0.27960729598999023
-0.27388525009155273
-0.26360082626342773
-0.6528830528259277
-0.31882238388061523
-0.5525565147399902
-0.5518546104431152
-0.34090185165405273
-0.13603734970092773
-0.29578161239624023
-0.10831212997436523
-0.12752294540405273
-0.19449377059936523
-0.30525732040405273
-0.6411032676696777
-0.5730948448181152
-1.0606131553649902
-1.2944846153259277
-0.9829764366149902
-1.4051108360290527
-1.4678549766540527
-0.7187552452087402
-1.4191489219665527
-1.5433554649353027
-0.6804404258728027
-0.9783987998962402
-0.9162650108337402
-0.9500632286071777
-1.1012167930603027
-0.9834036827087402
-1.0386710166931152
-1.0646872520446777
-1.0633139610290527
-1.0428824424743652
-1.0255331993103027
-0.9409689903259277
-0.7912039756774902
-0.7056326866149902
-0.7374472618103027
-0.6564841270446777
-0.6876425743103027
-0.5823111534118652
-0.5334067344665527
-0.46860265731811523
-0.49821996688842773
-0.5103049278259277
-0.6451468467712402
-0.8588767051696777
-0.8772635459899902
-0.8057456016540527
-0.8094077110290527
-0.7041983604431152
-0.6811423301696777
-0.5882468223571777
-0.33540868759155273
-0.44537878036499023
-0.31120824813842773
-0.11461400985717773
-0.29073095321655273
-0.34732580184936523
-0.15251684188842773
-0.6241354942321777
-0.7717185020446777
-0.9630942344665527
-0.9510397911071777
-0.5700278282165527
-1.0719962120056152
-1.0383353233337402
-0.5524497032165527
-1.1155753135681152
-0.7793784141540527
-1.4490561485290527
-1.4558615684509277
-1.5168356895446777
-1.5237326622009277
-0.7591300010681152
-1.4566702842712402
-1.5875754356384277
-0.6633963584899902
-0.8704733848571777
-0.9636282920837402
-0.8634238243103027
-0.8969626426696777
-0.9308981895446777
-0.9647727012634277
-1.1195578575134277
-0.9481558799743652
-0.9814352989196777
-0.5756430625915527
-0.43289709091186523
-0.45583105087280273
-0.5012106895446777
-0.5567221641540527
-0.6531271934509277
-0.8381400108337402
-0.6134238243103027
-0.7467398643493652
-0.8756766319274902
-0.8942618370056152
-0.8239035606384277
-0.5670371055603027
-0.5365195274353027
-0.6772360801696777
-0.26122045516967773
-0.24510717391967773
-0.22763586044311523
-0.6086173057556152
-0.7532706260681152
-0.9436697959899902
-0.9226279258728027
-0.5556082725524902
-0.9752402305603027
-1.0167136192321777
-0.8213095664978027
-1.5728049278259277
-1.1976675987243652
-0.8122000694274902
-1.4363150596618652
-0.8265891075134277
-0.6478476524353027
-0.9839529991149902
-0.8455405235290527
-0.8790946006774902
-0.9132132530212402
-0.9475607872009277
-1.1089529991149902
-1.0707297325134277
-0.40117406845092773
-0.17334508895874023
-1.0814108848571777
-0.44508886337280273
-0.44151830673217773
-0.43941259384155273
-0.48206090927124023
-0.5396780967712402
-0.6034750938415527
-0.6892600059509277
-0.8777060508728027
-0.8250632286071777
-0.5947623252868652
-0.24400854110717773
-0.37421178817749023
-0.49821996688842773
-0.32364416122436523
-0.23074865341186523
-0.31055212020874023
-0.28049230575561523
-0.6139578819274902
-0.7084403038024902
-0.9276785850524902
-0.8947348594665527
-0.5305685997009277
-0.9959006309509277
-1.3044486045837402
-1.1126914024353027
-1.1828818321228027
-1.3943076133728027
-1.6526236534118652
-0.8994956016540527
-1.0330862998962402
-0.8625082969665527
-0.8968100547790527
-1.0865073204040527
-1.0727896690368652
-1.0418753623962402
-1.0642752647399902
-0.7287497520446777
-0.6799521446228027
-0.5585227012634277
-0.5641226768493652
-0.7283987998962402
-0.6705985069274902
-0.8032126426696777
-0.6749014854431152
-0.8404288291931152
-0.8683066368103027
-0.6262869834899902
-0.7519278526306152
-0.6901602745056152
-0.29207372665405273
-0.19337987899780273
-0.42000341415405273
-0.5581870079040527
-0.33879613876342773
-0.09885168075561523
-0.10907506942749023
-0.18144750595092773
-0.21970129013061523
-0.6215567588806152
-0.6437735557556152
-0.6675925254821777
-0.9008536338806152
-0.5190634727478027
-1.1620383262634277
-1.2710165977478027
-1.1229758262634277
-0.5640006065368652
-0.9120078086853027
-0.6940054893493652
-1.0798850059509277
-1.0819602012634277
-0.6534781455993652
-1.0390982627868652
-0.6690268516540527
-0.5741324424743652
-0.5373740196228027
-0.5321402549743652
-0.5282187461853027
-0.48529577255249023
-0.5386862754821777
-0.7677206993103027
-0.8462576866149902
-0.8301901817321777
-0.5110220909118652
-0.34117650985717773
-0.45348119735717773
-0.5762381553649902
-0.6013846397399902
-0.38319921493530273
-0.25941991806030273
-0.34389257431030273
-0.29529333114624023
-0.8441977500915527
-0.8992362022399902
-1.2376608848571777
-0.5165457725524902
-0.5262351036071777
-1.2837119102478027
-0.5388846397399902
-1.4903006553649902
-1.3846335411071777
-1.1974997520446777
-1.4436392784118652
-1.5912680625915527
-1.0920615196228027
-1.0054831504821777
-1.0427451133728027
-0.9269156455993652
-0.7632651329040527
-1.0373740196228027
-1.0609335899353027
-1.0417380332946777
-0.9598288536071777
-0.8046469688415527
-0.6607871055603027
-0.6967215538024902
-0.6409354209899902
-0.5131278038024902
-0.5574851036071777
-0.49303197860717773
-0.5779318809509277
-0.9143729209899902
-0.8974661827087402
-0.7756247520446777
-0.6497092247009277
-0.8195700645446777
-0.30516576766967773
-0.28700780868530273
-0.36794042587280273
-0.35490942001342773
-0.10573339462280273
-0.31262731552124023
-0.28308629989624023
-0.21565771102905273
-0.8397574424743652
-0.8309836387634277
-0.8202414512634277
-0.5363821983337402
-0.7689414024353027
-0.9966025352478027
-1.2863211631774902
-1.3709921836853027
-1.2138266563415527
-1.6288657188415527
-1.1239218711853027
-1.0514731407165527
-1.0976767539978027
-0.8888449668884277
-0.9325003623962402
-1.0190634727478027
-1.0013937950134277
-0.9760336875915527
-1.0751547813415527
-0.9287009239196777
-1.0365195274353027
-0.7921347618103027
-0.6975150108337402
-0.6817984580993652
-0.5507712364196777
-0.6223959922790527
-0.5915732383728027
-0.5207724571228027
-0.5441946983337402
-0.5733389854431152
-0.6765952110290527
-0.7097220420837402
-0.7450613975524902
-0.9240012168884277
-0.6831412315368652
-0.7145285606384277
-0.7950644493103027
-0.7644553184509277
-0.7973380088806152
-0.7946524620056152
-0.6476798057556152
-0.6847128868103027
-0.13777685165405273
-0.32701635360717773
-0.25517797470092773
-0.5671591758728027
-0.11743688583374023
-0.37489843368530273
-0.5330710411071777
-0.5342917442321777
-0.26753759384155273
-0.34970617294311523
-0.27396154403686523
-0.24432897567749023
-0.5435843467712402
-0.8445181846618652
-1.0693564414978027
-1.3311667442321777
-1.3474326133728027
-1.1710104942321777
-0.6346945762634277
-1.0611166954040527
-1.0634970664978027
-1.0659079551696777
-1.0679526329040527
-0.8812003135681152
-0.9016623497009277
-0.7452902793884277
-1.0067343711853027
-1.0138297080993652
-1.0273947715759277
-0.9130759239196777
-0.5842337608337402
-0.6321310997009277
-0.5771231651306152
-0.6998648643493652
-0.9348807334899902
-0.9222311973571777
-0.8184866905212402
-0.7088522911071777
-0.8262534141540527
-0.8564963340759277
-0.5306906700134277
-0.5883231163024902
-0.5694022178649902
-0.13786840438842773
-0.22688817977905273
-0.37723302841186523
-0.36749792098999023
-0.48442602157592773
-0.5011801719665527
-0.22299718856811523
-0.28091955184936523
-0.32254552841186523
-0.5903525352478027
-0.6114706993103027
-0.6342368125915527
-0.8595023155212402
-0.7949118614196777
-1.0527243614196777
-1.1466422080993652
-1.5024466514587402
-1.3577780723571777
-1.4865012168884277
-1.5672659873962402
-0.6506400108337402
-1.0236563682556152
-1.1022849082946777
-0.8700003623962402
-1.0271811485290527
-0.9341788291931152
-0.7883353233337402
-1.0531973838806152
-0.9224295616149902
-0.8703970909118652
-0.7174277305603027
-0.7583365440368652
-0.6207022666931152
-0.6891379356384277
-0.6826529502868652
-0.6775107383728027
-0.5871939659118652
-0.7820029258728027
-0.8266959190368652
-0.8404593467712402
-0.7894492149353027
-0.6868185997009277
-0.6403403282165527
-0.6411185264587402
-0.5750021934509277
-0.5198569297790527
-0.34831762313842773
-0.32385778427124023
-0.36935949325561523
-0.37166357040405273
-0.49146032333374023
-0.48186254501342773
-0.11917638778686523
-0.25645971298217773
-0.47295141220092773
-0.27783727645874023
-0.28737401962280273
-0.8221640586853027
-0.5238699913024902
-0.7496848106384277
-0.9034628868103027
-0.49692296981811523
-1.0506033897399902
-1.1564383506774902
-0.5408835411071777
-1.4468741416931152
-1.0378775596618652
-1.0036368370056152
-0.9760794639587402
-1.0138449668884277
-1.0790915489196777
-0.9983115196228027
-1.1106772422790527
-0.7456564903259277
-0.9565329551696777
-0.9140982627868652
-0.28227758407592773
-0.9529929161071777
-0.9027609825134277
-0.7814078330993652
-0.6515860557556152
-0.6269888877868652
-0.7425131797790527
-0.6507010459899902
-0.7099661827087402
-0.7402548789978027
-0.9341025352478027
-0.7141623497009277
-0.5871329307556152
-0.8021445274353027
-0.8376212120056152
-0.7211356163024902
-0.5594687461853027
-0.5656943321228027
-0.45697546005249023
-0.31526708602905273
-0.47633886337280273
-0.34212255477905273
-0.42012548446655273
-0.29521703720092773
-0.44119787216186523
-0.44820165634155273
-0.44458532333374023
-0.27814245223999023
-0.27434301376342773
-0.7788901329040527
-0.7628836631774902
-0.5505576133728027
-0.6814932823181152
-0.8170676231384277
-1.3044333457946777
-1.4099936485290527
-1.0687003135681152
-1.1152853965759277
-1.0810446739196777
-0.7507529258728027
-0.7842307090759277
-0.8190207481384277
-0.8555502891540527
-0.9864706993103027
-1.0989432334899902
-0.29066991806030273
-0.8798727989196777
-0.9243826866149902
-1.0061240196228027
-0.9186758995056152
-0.8166098594665527
-0.6930899620056152
-0.8434042930603027
-0.8711752891540527
-0.8982901573181152
-0.7503104209899902
-0.9292502403259277
-0.7794547080993652
-0.7620291709899902
-0.8552756309509277
-0.7918601036071777
-0.8399558067321777
-0.5334830284118652
-0.5214438438415527
-0.33907079696655273
-0.13974523544311523
-0.39453649520874023
-0.28479528427124023
-0.19830846786499023
-0.34238195419311523
-0.44690465927124023
-0.30577611923217773
-0.17853307723999023
-0.19435644149780273
-0.21396398544311523
-0.32268285751342773
-0.25432348251342773
-0.25644445419311523
-0.25977087020874023
-0.8222861289978027
-0.5253500938415527
-1.0662894248962402
-0.5108695030212402
-0.5216727256774902
-1.2911734580993652
-1.2859549522399902
-1.1958670616149902
-0.9825339317321777
-0.9569296836853027
-0.9334158897399902
-0.9340872764587402
-0.9627585411071777
-0.9551901817321777
-1.0704245567321777
-0.9491934776306152
-0.9367880821228027
-0.9218802452087402
-0.7557272911071777
-0.9132132530212402
-0.9104971885681152
-1.0032401084899902
-0.9458823204040527
-0.9215598106384277
-0.7594351768493652
-0.9098410606384277
-0.7536063194274902
-0.9005637168884277
-0.8937888145446777
-0.7446646690368652
-0.7665915489196777
-0.8566184043884277
-0.8707480430603027
-0.8461661338806152
-0.7447104454040527
-0.7077383995056152
-0.6696524620056152
-0.08311986923217773
-0.11543798446655273
-0.33452367782592773
-0.34032201766967773
-0.25436925888061523
-0.20274877548217773
-0.31825780868530273
-0.18124914169311523
-0.19414281845092773
-0.21065282821655273
-0.23039770126342773
-0.33824682235717773
-0.31285619735717773
-0.28447484970092773
-0.7550864219665527
-0.5711722373962402
-0.6333060264587402
-0.6575369834899902
-0.5200705528259277
-0.7929282188415527
-0.8867697715759277
-0.5134177207946777
-1.0580039024353027
-1.1256766319274902
-0.5348868370056152
-1.1908469200134277
-1.3523764610290527
-1.3495993614196777
-1.3398947715759277
-0.5853934288024902
-0.9015402793884277
-0.9035086631774902
-0.9314932823181152
-0.7147421836853027
-0.9036917686462402
-0.9161581993103027
-0.9014945030212402
-0.8431143760681152
-0.8685507774353027
-0.8860526084899902
-0.6135306358337402
-0.8995871543884277
-0.7727713584899902
-0.7389273643493652
-0.6655783653259277
-0.6293997764587402
-0.07455968856811523
-0.14327001571655273
-0.38231420516967773
-0.16335058212280273
-0.39688634872436523
-0.36922216415405273
-0.34538793563842773
-0.35696935653686523
-0.33179235458374023
-0.28877782821655273
-0.30304479598999023
-0.8922781944274902
-0.5188193321228027
-1.0704092979431152
-1.1364035606384277
-0.5507254600524902
-1.2977652549743652
-1.3023276329040527
-1.3082327842712402
-1.1150717735290527
-1.3022818565368652
-1.3258261680603027
-1.0950675010681152
-0.9428153038024902
-0.7075400352478027
-0.8523001670837402
-1.0275626182556152
-1.0856528282165527
-0.9691824913024902
-0.9064688682556152
-0.8085379600524902
-0.8840994834899902
-0.9250693321228027
-0.9320273399353027
-0.6713004112243652
-0.9322562217712402
-0.8121085166931152
-0.8826956748962402
-0.9206595420837402
-0.35037755966186523
-0.8073935508728027
-0.8125052452087402
-0.8956961631774902
-0.8699698448181152
-0.8388266563415527
-0.7692008018493652
-0.7346396446228027
-0.6996359825134277
-0.6642813682556152
-0.08579015731811523
-0.44991064071655273
-0.5199332237243652
-0.36179113388061523
-0.16336584091186523
-0.45586156845092773
-0.19081640243530273
-0.30893468856811523
-0.31145238876342773
-0.37100744247436523
-0.37025976181030273
-0.37814855575561523
-0.37302160263061523
-0.36200475692749023
-0.31129980087280273
-0.32555150985717773
-0.7675070762634277
-0.8004965782165527
-0.8575339317321777
-0.5313315391540527
-0.8558402061462402
-1.0649619102478027
-0.5332388877868652
-1.1339621543884277
-0.5424399375915527
-1.0836997032165527
-1.2014365196228027
-0.5544943809509277
-1.2487235069274902
-1.2525229454040527
-1.2570700645446777
-1.2627463340759277
-1.1075644493103027
-1.0770773887634277
-0.8524222373962402
-0.6790060997009277
-0.8517203330993652
-1.0062613487243652
-0.26680517196655273
-0.9059500694274902
-0.8979086875915527
-0.8162131309509277
-0.7560019493103027
-0.5060629844665527
-0.16893529891967773
-0.38289403915405273
-0.33316564559936523
-0.37236547470092773
-0.25714635848999023
-0.27530431747436523
-0.35178136825561523
-0.42267370223999023
-0.34329748153686523
-0.36592626571655273
-0.42131567001342773
-0.41116857528686523
-0.37332677841186523
-0.32735204696655273
-0.33917760848999023
-0.34100866317749023
-0.34358739852905273
-0.7653861045837402
-0.8697714805603027
-0.5458579063415527
-0.8726401329040527
-1.0115561485290527
-1.2018332481384277
-1.2206015586853027
-0.9908041954040527
-0.9676871299743652
-0.7866568565368652
-0.9494223594665527
-1.0685019493103027
-0.9089407920837402
-0.9023337364196777
-0.8856101036071777
-0.7988028526306152
-0.5767722129821777
-0.12694311141967773
-0.22520971298217773
-0.33163976669311523
-0.31976842880249023
-0.12123632431030273
-0.5252585411071777
-0.39662694931030273
-0.11610937118530273
-0.36623144149780273
-0.44911718368530273
-0.31528234481811523
-0.35165929794311523
-0.43741369247436523
-0.22626256942749023
-0.20358800888061523
-0.15665197372436523
-0.38536596298217773
-0.30519628524780273
-0.8161520957946777
-1.0246481895446777
-0.9529013633728027
-1.1477255821228027
-1.2062582969665527
-1.1333670616149902
-1.0705924034118652
-0.9487814903259277
-0.9251914024353027
-1.2061972618103027
-0.7461295127868652
-0.6864066123962402
-1.0209097862243652
-1.0347495079040527
-0.9446310997009277
-1.0151724815368652
-1.0323996543884277
-0.9585013389587402
-0.8947348594665527
-0.8727469444274902
-0.8441519737243652
-0.8527579307556152
-0.6900534629821777
-0.6594901084899902
-0.6307120323181152
-0.6036276817321777
-0.7068686485290527
-0.15329504013061523
-0.20909643173217773
-0.25525426864624023
-0.47823095321655273
-0.25096654891967773
-0.31059789657592773
-0.44801855087280273
-0.5964865684509277
-0.44348669052124023
-0.39339208602905273
-0.49217748641967773
-0.5315909385681152
-0.11798620223999023
-0.49988317489624023
-0.11061620712280273
-0.47156286239624023
-0.44380712509155273
-0.30537939071655273
-0.33754491806030273
-0.28925085067749023
-0.29817724227905273
-0.29428625106811523
-0.29161596298217773
-0.29030370712280273
-0.7585043907165527
-0.7539572715759277
-0.7518515586853027
-0.7517447471618652
-0.8002219200134277
-0.5940451622009277
-0.8791403770446777
-1.1258749961853027
-1.0455832481384277
-0.6483664512634277
-1.0316214561462402
-1.0304465293884277
-0.7308402061462402
-0.7071433067321777
-0.7219901084899902
-0.9177145957946777
-1.0397391319274902
-1.0100607872009277
-1.0199790000915527
-1.0236563682556152
-0.8771567344665527
-0.7076315879821777
-0.8259024620056152
-0.8186545372009277
-0.6421103477478027
-0.39000463485717773
-0.18295812606811523
-0.46634435653686523
-0.16509008407592773
-0.47614049911499023
-0.6936392784118652
-0.6803946495056152
-0.33588171005249023
-0.6592001914978027
-0.16106176376342773
-0.5583701133728027
-0.14613866806030273
-0.36598730087280273
-0.13593053817749023
-0.5450339317321777
-0.41785192489624023
-0.35493993759155273
-0.5293021202087402
-0.11047887802124023
-0.5106101036071777
-0.5096182823181152
-0.5095572471618652
-0.10835790634155273
-0.36931371688842773
-0.22720861434936523
-0.36290502548217773
-0.29837560653686523
-0.27202367782592773
-0.7716879844665527
-0.7650809288024902
-0.8431296348571777
-0.9111533164978027
-0.6648764610290527
-0.7583212852478027
-0.9066977500915527
-0.6306204795837402
-0.8707480430603027
-1.0750174522399902
-0.9881491661071777
-0.9808554649353027
-1.1612601280212402
-0.6846671104431152
-0.7917990684509277
-0.8237051963806152
-0.8563437461853027
-0.6458640098571777
-1.0214743614196777
-0.6991171836853027
-0.9520163536071777
-1.0145621299743652
-1.0114493370056152
-1.0052084922790527
-0.8067984580993652
-0.9003806114196777
-0.8430075645446777
-0.7900443077087402
-0.7834219932556152
-0.41878271102905273
-0.6857504844665527
-0.16562414169311523
-0.24097204208374023
-0.26801061630249023
-0.34402990341186523
-0.6559653282165527
-0.6496024131774902
-0.38092565536499023
-0.38948583602905273
-0.10638952255249023
-0.27719640731811523
-0.7819571495056152
-0.7799429893493652
-0.8194937705993652
-0.8663535118103027
-0.6914420127868652
-0.8368582725524902
-1.0262045860290527
-1.0378012657165527
-1.0350394248962402
-0.6780600547790527
-0.9257712364196777
-1.0925650596618652
-1.1325736045837402
-0.7099509239196777
-1.1597037315368652
-0.6244406700134277
-1.1620383262634277
-1.1588492393493652
-0.9096274375915527
-0.6195883750915527
-1.0260214805603027
-1.0152182579040527
-0.9538168907165527
-0.9899039268493652
-0.6741995811462402
-0.9927115440368652
-0.9794363975524902
-0.7575736045837402
-0.8261618614196777
-0.8604331016540527
-0.7955832481384277
-0.7723288536071777
-0.7315421104431152
-0.7365469932556152
-0.7482047080993652
-0.6172232627868652
-0.5862021446228027
-0.5569357872009277
-0.7412314414978027
-0.5293631553649902
-0.5149435997009277
-0.6261496543884277
-0.30054235458374023
-0.31383275985717773
-0.32335424423217773
-0.36699438095092773
-0.35590124130249023
-0.36682653427124023
-0.18973302841186523
-0.35486364364624023
-0.25311803817749023
-0.25336217880249023
-0.25021886825561523
-0.24834203720092773
-0.8299002647399902
-0.9733786582946777
-1.0352683067321777
-1.0251364707946777
-0.7663779258728027
-0.8394217491149902
-0.8661551475524902
-1.0470633506774902
-1.0720419883728027
-0.8788504600524902
-0.6788687705993652
-0.7516379356384277
-0.9551291465759277
-1.0850882530212402
-0.9513754844665527
-0.6315817832946777
-0.7605338096618652
-1.0170035362243652
-1.1162619590759277
-0.9839224815368652
-0.6070761680603027
-0.7715659141540527
-1.0757651329040527
-1.0055289268493652
-0.5822043418884277
-0.8447012901306152
-1.1618399620056152
-0.5750174522399902
-0.8756918907165527
-1.1674399375915527
-0.9067282676696777
-1.1635336875915527
-1.1170248985290527
-1.0280814170837402
-0.9651389122009277
-0.6648001670837402
-0.6781821250915527
-0.6929678916931152
-0.8890585899353027
-0.7505087852478027
-0.7428641319274902
-0.8365073204040527
-0.8113913536071777
-0.7132315635681152
-0.6857047080993652
-0.7116293907165527
-0.15639257431030273
-0.6985068321228027
-0.5628867149353027
-0.42937231063842773
-0.17448949813842773
-0.36690282821655273
-0.11034154891967773
-0.37868261337280273
-0.09789037704467773
-0.10259008407592773
-0.32307958602905273
-0.23883581161499023
-0.23323583602905273
-0.8470358848571777
-0.8427634239196777
-0.8402304649353027
-0.8401236534118652
-0.9062247276306152
-1.0886740684509277
-1.0058951377868652
-1.1025137901306152
-0.8871359825134277
-0.9638113975524902
-0.9914603233337402
-1.1266989707946777
-0.8947196006774902
-1.0504202842712402
-1.1489310264587402
-0.9874014854431152
-0.9256186485290527
-1.0786185264587402
-0.9559378623962402
-1.1039023399353027
-0.9852499961853027
-1.1252341270446777
-1.1677145957946777
-1.1187338829040527
-0.5496726036071777
-1.0733084678649902
-1.0917716026306152
-1.1104941368103027
-1.1431632041931152
-0.5604147911071777
-1.0206809043884277
-0.8162894248962402
-0.7802786827087402
-0.8164114952087402
-0.6821341514587402
-0.6749472618103027
-0.5686850547790527
-0.5376791954040527
-0.6802878379821777
-0.5090689659118652
-0.48299169540405273
-0.5207419395446777
-0.6232962608337402
-0.24603796005249023
-0.6858572959899902
-0.6823325157165527
-0.6795248985290527
-0.5556693077087402
-0.16225194931030273
-0.11020421981811523
-0.37973546981811523
-0.09918737411499023
-0.23317480087280273
-0.22946691513061523
-0.22734594345092773
-0.9062399864196777
-0.9085288047790527
-0.8926596641540527
-0.8877768516540527
-0.8856406211853027
-0.9440970420837402
-0.9171957969665527
-0.9951987266540527
-1.0237021446228027
-1.0380454063415527
-1.0039114952087402
-1.0936331748962402
-0.9666342735290527
-0.5255942344665527
-1.0237021446228027
-1.0197043418884277
-1.0069785118103027
-0.9842734336853027
-1.1690421104431152
-0.9460806846618652
-1.0558371543884277
-1.0592246055603027
-1.1200919151306152
-0.9866843223571777
-0.8235983848571777
-0.5643515586853027
-0.9744620323181152
-0.8318076133728027
-0.6765189170837402
-0.8037619590759277
-0.6492514610290527
-0.7540488243103027
-0.6408286094665527
-0.6993002891540527
-0.6386923789978027
-0.6055502891540527
-0.6429343223571777
-0.6460165977478027
-0.5811667442321777
-0.30687475204467773
-0.32344579696655273
-0.33925390243530273
-0.5362601280212402
-0.15396642684936523
-0.11539220809936523
-0.09813451766967773
-0.26588964462280273
-0.25220251083374023
-0.28778600692749023
-0.26424169540405273
-0.23970556259155273
-0.7599692344665527
-0.5753226280212402
-0.9698538780212402
-0.9636893272399902
-0.9587607383728027
-0.9561820030212402
-0.8426260948181152
-0.5336508750915527
-0.9799704551696777
-0.5131278038024902
-1.0506491661071777
-1.0045065879821777
-1.0726675987243652
-1.0679373741149902
-1.0411581993103027
-1.0528616905212402
-1.1465964317321777
-1.0608267784118652
-1.1371359825134277
-1.1647391319274902
-1.1429953575134277
-1.0778250694274902
-1.1444449424743652
-1.1441245079040527
-1.1164603233337402
-0.9610190391540527
-1.0019888877868652
-1.0615134239196777
-0.5576376914978027
-0.8375906944274902
-0.6124930381774902
-0.6689658164978027
-0.7654471397399902
-0.6187033653259277
-0.6137900352478027
-0.14272069931030273
-0.5355734825134277
-0.15503454208374023
-0.46472692489624023
-0.37317419052124023
-0.31464147567749023
-0.10466527938842773
-0.10330724716186523
-0.26598119735717773
-0.25038671493530273
-0.23837804794311523
-0.24113988876342773
-0.8337454795837402
-0.8331046104431152
-0.8343253135681152
-0.8821921348571777
-0.6746573448181152
-0.5764517784118652
-0.8341727256774902
-0.49391698837280273
-0.9146018028259277
-0.47144079208374023
-1.0685935020446777
-0.9551901817321777
-0.49910497665405273
-0.7373557090759277
-0.6318717002868652
-0.7450308799743652
-0.6160178184509277
-0.6082663536071777
-0.7849020957946777
-0.6016135215759277
-0.5957999229431152
-0.7490744590759277
-0.5743918418884277
-0.5836691856384277
-0.5971426963806152
-0.6083579063415527
-0.27592992782592773
-0.29118871688842773
-0.30789709091186523
-0.32545995712280273
-0.6249442100524902
-0.6335806846618652
-0.48434972763061523
-0.14401769638061523
-0.38541173934936523
-0.13060522079467773
-0.33537817001342773
-0.12172460556030273
-0.30800390243530273
-0.29758214950561523
-0.11086034774780273
-0.21333837509155273
-0.20692968368530273
-0.8138327598571777
-0.6876425743103027
-0.5143027305603027
-0.7693228721618652
-0.47824621200561523
-0.9732565879821777
-1.0071921348571777
-0.9479269981384277
-0.44426488876342773
-1.0620169639587402
-1.1166281700134277
-1.0730795860290527
-1.0022025108337402
-1.0701651573181152
-0.9384665489196777
-0.8476614952087402
-0.5019736289978027
-0.7689871788024902
-0.7442831993103027
-0.5539450645446777
-0.6955466270446777
-0.7032217979431152
-0.7372641563415527
-0.7061209678649902
-0.5485739707946777
-0.5424857139587402
-0.48433446884155273
-0.16039037704467773
-0.16649389266967773
-0.45610570907592773
-0.5619254112243652
-0.5067191123962402
-0.19116735458374023
-0.42983007431030273
-0.5882163047790527
-0.23344945907592773
-0.40532445907592773
-0.46640539169311523
-0.14876317977905273
-0.13654088973999023
-0.38393163681030273
-0.12877416610717773
-0.31979894638061523
-0.20273351669311523
-0.12950658798217773
-0.28407812118530273
-0.34392309188842773
-0.21362829208374023
-0.20515966415405273
-0.21198034286499023
-0.20775365829467773
-0.20541906356811523
-0.7961935997009277
-0.5875296592712402
-0.5669302940368652
-0.5487723350524902
-0.5323996543884277
-0.8324332237243652
-0.9765524864196777
-0.9158377647399902
-0.42589330673217773
-1.0208945274353027
-0.9256339073181152
-1.0618643760681152
-0.6685690879821777
-0.6483969688415527
-0.7782950401306152
-0.7498984336853027
-0.5260977745056152
-0.7197012901306152
-0.7053122520446777
-0.6879477500915527
-0.6678824424743652
-0.6385397911071777
-0.6914267539978027
-0.45612096786499023
-0.5127158164978027
-0.5162405967712402
-0.5104422569274902
-0.5184988975524902
-0.5128989219665527
-0.5231223106384277
-0.35774755477905273
-0.43990087509155273
-0.5706686973571777
-0.21327733993530273
-0.41330480575561523
-0.5841269493103027
-0.5650076866149902
-0.40845251083374023
-0.36089086532592773
-0.31728124618530273
-0.38130712509155273
-0.25078344345092773
-0.25429296493530273
-0.22606420516967773
-0.21231603622436523
-0.20808935165405273
-0.7727713584899902
-0.5994467735290527
-0.47527074813842773
-0.8019461631774902
-0.6721549034118652
-0.43825292587280273
-0.7267203330993652
-0.41978979110717773
-0.8642630577087402
-0.8893942832946777
-0.9584403038024902
-1.0571951866149902
-0.9154105186462402
-1.0292410850524902
-0.8125662803649902
-0.7185568809509277
-0.6184287071228027
-0.6188254356384277
-0.5480856895446777
-0.7081503868103027
-0.5991721153259277
-0.6698660850524902
-0.44417333602905273
-0.6565451622009277
-0.6754050254821777
-0.43962621688842773
-0.48576879501342773
-0.37770605087280273
-0.6259360313415527
-0.5806632041931152
-0.29909276962280273
-0.5459189414978027
-0.5470938682556152
-0.37810277938842773
-0.5534110069274902
-0.5127768516540527
-0.26004552841186523
-0.27541112899780273
-0.29323339462280273
-0.37215185165405273
-0.32625341415405273
-0.25984716415405273
-0.18784093856811523
-0.38165807723999023
-0.31172704696655273
-0.27554845809936523
-0.32542943954467773
-0.28432226181030273
-0.21819067001342773
-0.20927953720092773
-0.5920157432556152
-0.43860387802124023
-0.7728934288024902
-0.8234457969665527
-0.9222464561462402
-0.8785605430603027
-0.8203787803649902
-0.39061498641967773
-0.8979239463806152
-1.0113120079040527
-0.8336234092712402
-0.40094518661499023
-0.8813223838806152
-0.8026175498962402
-0.9681143760681152
-0.8213706016540527
-0.8178610801696777
-0.7667441368103027
-0.7027792930603027
-0.6820425987243652
-0.7466330528259277
-0.5731253623962402
-0.5419974327087402
-0.5784201622009277
-0.6902976036071777
-0.6587576866149902
-0.5020956993103027
-0.6593070030212402
-0.7052512168884277
-0.47530126571655273
-0.6494803428649902
-0.6543326377868652
-0.6597952842712402
-0.6662192344665527
-0.6020560264587402
-0.6401572227478027
-0.6174826622009277
-0.5161185264587402
-0.5136618614196777
-0.49046850204467773
-0.46838903427124023
-0.44769811630249023
-0.5818381309509277
-0.49834203720092773
-0.39185094833374023
-0.48682165145874023
-0.44775915145874023
-0.45381689071655273
-0.31398534774780273
-0.42375707626342773
-0.46260595321655273
-0.5520682334899902
-0.27617406845092773
-0.19968175888061523
-0.42058324813842773
-0.34682226181030273
-0.26823949813842773
-0.23326635360717773
-0.27625036239624023
-0.29607152938842773
-0.41286230087280273
-0.40465307235717773
-0.5412802696228027
-0.39623022079467773
-0.33801794052124023
-0.28232336044311523
-0.32368993759155273
-0.28195714950561523
-0.22408056259155273
-0.23459386825561523
-0.21553564071655273
-0.7103934288024902
-0.7606558799743652
-0.7630209922790527
-0.7815756797790527
-0.8021140098571777
-0.9144949913024902
-0.7611746788024902
-0.37341833114624023
-0.7761893272399902
-0.38203954696655273
-0.9679770469665527
-0.7746787071228027
-0.40442419052124023
-0.8620352745056152
-0.8823752403259277
-0.9036154747009277
-0.7003378868103027
-0.9507040977478027
-0.7509818077087402
-0.7488913536071777
-0.6563162803649902
-0.47246313095092773
-0.6959433555603027
-0.6931357383728027
-0.5559439659118652
-0.8882956504821777
-0.7594809532165527
-0.6309256553649902
-0.8504691123962402
-0.5771384239196777
-0.7527518272399902
-0.5765891075134277
-0.44225072860717773
-0.38431310653686523
-0.43593358993530273
-0.6133475303649902
-0.6280264854431152
-0.47350072860717773
-0.5753073692321777
-0.43614721298217773
-0.5806021690368652
-0.23074865341186523
-0.48851537704467773
-0.37213659286499023
-0.33321142196655273
-0.45003271102905273
-0.45168066024780273
-0.22237157821655273
-0.26241064071655273
-0.5320944786071777
-0.37424230575561523
-0.30876684188842773
-0.25742101669311523
-0.23279333114624023
-0.6894736289978027
-0.6821799278259277
-0.7284598350524902
-0.7217917442321777
-0.6303915977478027
-0.36304235458374023
-0.6543326377868652
-0.35793066024780273
-0.7558188438415527
-0.6794333457946777
-0.35687780380249023
-0.8739523887634277
-0.7216544151306152
-0.36646032333374023
-0.7883810997009277
-0.9290976524353027
-0.9372611045837402
-0.7262167930603027
-0.38686132431030273
-0.7648825645446777
-0.9479727745056152
-0.9243063926696777
-0.9495291709899902
-0.9340720176696777
-0.7598929405212402
-0.9262595176696777
-0.6624960899353027
-0.6513266563415527
-0.45282506942749023
-0.7173666954040527
-0.6466116905212402
-0.8895316123962402
-0.7153525352478027
-0.6032309532165527
-0.49988317489624023
-0.7187857627868652
-0.6227164268493652
-0.8927817344665527
-0.8556723594665527
-0.5955557823181152
-0.5556235313415527
-0.6074728965759277
-0.6251273155212402
-0.6000418663024902
-0.5777792930603027
-0.5600943565368652
-0.7079977989196777
-0.41747045516967773
-0.6338095664978027
-0.41344213485717773
-0.5625357627868652
-0.5631918907165527
-0.5308279991149902
-0.5319724082946777
-0.19862890243530273
-0.5030417442321777
-0.19310522079467773
-0.47803258895874023
-0.47023534774780273
-0.5293478965759277
-0.23637914657592773
-0.41338109970092773
-0.5043540000915527
-0.41463232040405273
-0.39549779891967773
-0.34085607528686523
-0.33682775497436523
-0.29222631454467773
-0.26900243759155273
-0.25822973251342773
-0.5550589561462402
-0.36060094833374023
-0.8033499717712402
-0.7313742637634277
-0.8478293418884277
-0.6717123985290527
-0.8282828330993652
-0.8712210655212402
-0.9067740440368652
-0.8901267051696777
-0.7240958213806152
-0.6429038047790527
-0.9022421836853027
-0.5917258262634277
-0.6019186973571777
-0.5887351036071777
-0.8776450157165527
-0.5737509727478027
-0.8513998985290527
-0.5512595176696777
-0.6360373497009277
-0.5878348350524902
-0.48822546005249023
-0.6490225791931152
-0.6162772178649902
-0.35907506942749023
-0.6108756065368652
-0.39420080184936523
-0.5496115684509277
-0.19547033309936523
-0.5324454307556152
-0.27016210556030273
-0.40215063095092773
-0.41998815536499023
-0.41693639755249023
-0.41458654403686523
-0.41307592391967773
-0.44778966903686523
-0.45371007919311523
-0.46037817001342773
-0.39507055282592773
-0.38643407821655273
-0.37221288681030273
-0.36275243759155273
-0.35144567489624023
-0.34238195419311523
-0.32848119735717773
-0.32561254501342773
-0.5092368125915527
-0.35364294052124023
-0.6805319786071777
-0.6516318321228027
-0.6737570762634277
-0.6877646446228027
-0.7947897911071777
-0.8424429893493652
-0.38571691513061523
-0.7723898887634277
-0.7022757530212402
-0.5928244590759277
-0.8186697959899902
-0.7072653770446777
-0.8434195518493652
-0.8441367149353027
-0.7348380088806152
-0.48508214950561523
-0.5100455284118652
-0.5187430381774902
-0.5165762901306152
-0.8257651329040527
-0.6126608848571777
-0.5547842979431152
-0.47472143173217773
-0.46306371688842773
-0.45335912704467773
-0.37679052352905273
-0.39871740341186523
-0.21745824813842773
-0.19043493270874023
-0.48587560653686523
-0.46690893173217773
-0.42006444931030273
-0.42508459091186523
-0.43126440048217773
-0.43842077255249023
-0.48787450790405273
-0.6749777793884277
-0.6649680137634277
-0.6483054161071777
-0.6969199180603027
-0.5508322715759277
-0.33833837509155273
-0.6589407920837402
-0.7329611778259277
-0.7444052696228027
-0.5691580772399902
-0.7562766075134277
-0.6835837364196777
-0.7632346153259277
-0.6945853233337402
-0.6974081993103027
-0.7589468955993652
-0.7440848350524902
-0.7098135948181152
-0.5712943077087402
-0.7690482139587402
-0.5710806846618652
-0.43877172470092773
-0.7789816856384277
-0.43831396102905273
-0.42479467391967773
-0.43642187118530273
-0.43750524520874023
-0.41338109970092773
-0.43214941024780273
-0.7443900108337402
-0.33923864364624023
-0.27800512313842773
-0.26402807235717773
-0.34152746200561523
-0.19669103622436523
-0.5070853233337402
-0.48914098739624023
-0.37976598739624023
-0.43626928329467773
-0.35060644149780273
-0.5152029991149902
-0.35008764266967773
-0.5289206504821777
-0.38847875595092773
-0.6955618858337402
-0.5330862998962402
-0.48045873641967773
-0.41168737411499023
-0.33922338485717773
-0.30995702743530273
-0.33571386337280273
-0.6607413291931152
-0.29179906845092773
-0.33238744735717773
-0.31511449813842773
-0.6242880821228027
-0.30077123641967773
-0.6080222129821777
-0.24135351181030273
-0.28958654403686523
-0.34923315048217773
-0.26254796981811523
-0.22411108016967773
-0.23125219345092773
-0.5450034141540527
-0.5085196495056152
-0.48535680770874023
-0.46663427352905273
-0.35588598251342773
-0.41418981552124023
-0.35938024520874023
-0.43149328231811523
-0.35620641708374023
-0.45116186141967773
-0.35660314559936523
-0.45522069931030273
-0.36305761337280273
-0.46754980087280273
-0.38112401962280273
-0.47594213485717773
-0.39270544052124023
-0.47192907333374023
-0.40997838973999023
-0.47188329696655273
-0.42998266220092773
-0.5178427696228027
-0.5839591026306152
-0.46739721298217773
-0.6308798789978027
-0.6354880332946777
-0.40353918075561523
-0.5349020957946777
-0.33508825302124023
-0.33443212509155273
-0.33562231063842773
-0.33975744247436523
-0.41606664657592773
-0.37766027450561523
