-1.5740399360656738
-1.5623211860656738
-1.5955853462219238
-1.5984082221984863
-1.5878643989562988
-1.5904583930969238
-1.5672650337219238
-1.5581250190734863
-1.5508160591125488
-1.5560650825500488
-1.5405468940734863
-1.5361676216125488
-1.5373272895812988
-1.5443768501281738
-1.6220898628234863
-1.6199688911437988
-1.6319622993469238
-1.6446423530578613
-1.6575512886047363
-1.4740796089172363
-1.7056164741516113
-1.5046124458312988
-1.2957959175109863
-1.5395550727844238
-1.7224621772766113
-1.7130017280578613
-1.2937512397766113
-1.7063336372375488
-1.5002179145812988
-1.7028851509094238
-1.4650769233703613
-1.3356518745422363
-1.6662793159484863
-1.5811200141906738
-1.5934948921203613
-1.6828961372375488
-1.6793713569641113
-1.6803021430969238
-1.6861920356750488
-1.6852002143859863
-1.6887402534484863
-1.4443097114562988
-1.4082226753234863
-1.3351941108703613
-1.7677044868469238
-1.2881054878234863
-1.8223462104797363
-1.6736950874328613
-1.6717572212219238
-1.6715130805969238
-1.8352398872375488
-1.6728100776672363
-1.8286633491516113
-1.2845196723937988
-1.7432141304016113
-1.5196270942687988
-1.3308148384094238
-1.7190899848937988
-1.4340405464172363
-1.6490216255187988
-1.6490063667297363
-1.6164441108703613
-1.6319928169250488
-1.7307019233703613
-1.7447552680969238
-1.5108075141906738
-1.4725232124328613
-1.4440960884094238
-1.4261517524719238
-1.5965008735656738
-1.8275494575500488
-1.8587231636047363
-1.8955731391906738
-1.8085827827453613
-1.7864270210266113
-1.9467968940734863
-1.8163189888000488
-1.7708172798156738
-1.8016247749328613
-1.7408490180969238
-1.2919507026672363
-1.8473401069641113
-1.7615094184875488
-1.6004986763000488
-1.5065808296203613
-1.4751935005187988
-1.4469952583312988
-1.6947522163391113
-1.6310162544250488
-1.6228528022766113
-1.6491742134094238
-1.7947278022766113
-1.8250012397766113
-1.8045697212219238
-1.7507061958312988
-1.7859082221984863
-1.8548626899719238
-1.2967267036437988
-2.0648388862609863
-1.8579754829406738
-1.2948346138000488
-1.8309674263000488
-1.2903790473937988
-1.7824902534484863
-1.7492413520812988
-1.8060345649719238
-1.4070630073547363
-1.8152356147766113
-1.7667584419250488
-1.7619061470031738
-1.7039380073547363
-1.3808026313781738
-1.4071545600891113
-1.3205914497375488
-1.3435559272766113
-1.3700146675109863
-1.3997845649719238
-1.2876019477844238
-1.3101086616516113
-1.3363232612609863
-1.3659405708312988
-1.2802319526672363
-1.3065838813781738
-1.4875073432922363
-1.5351147651672363
-1.4510388374328613
-1.4984784126281738
-1.5779614448547363
-1.5266156196594238
-1.5047345161437988
-1.8726544380187988
-1.8307843208312988
-1.8643841743469238
-1.8897595405578613
-1.2935833930969238
-1.9140362739562988
-1.9001507759094238
-1.2954602241516113
-1.9186291694641113
-1.9042859077453613
-1.2990002632141113
-1.8501324653625488
-1.8879742622375488
-2.048405170440674
-1.3071942329406738
-1.9955334663391113
-1.8995556831359863
-1.9696393013000488
-1.3699841499328613
-1.5655255317687988
-1.5937542915344238
-1.4489636421203613
-1.5805401802062988
-1.5496869087219238
-1.5220532417297363
-1.3931622505187988
-1.6571087837219238
-1.8267865180969238
-1.7774090766906738
-1.3441815376281738
-1.7035870552062988
-1.7285199165344238
-1.2281689643859863
-1.6476788520812988
-1.6802563667297363
-1.1974225044250488
-1.1337933540344238
-1.1257824897766113
-1.3381237983703613
-1.1266064643859863
-1.3880658149719238
-1.4306530952453613
-1.8179821968078613
-1.8151898384094238
-1.3673901557922363
-1.3928265571594238
-1.4241070747375488
-1.4611554145812988
-1.8604016304016113
-1.8508648872375488
-1.8463788032531738
-1.3559155464172363
-1.5583691596984863
-1.8985333442687988
-1.8757061958312988
-1.3632092475891113
-1.9390606880187988
-1.9021039009094238
-1.6502423286437988
-1.9455914497375488
-1.9395947456359863
-1.9381909370422363
-1.6549878120422363
-1.5173230171203613
-1.4394421577453613
-1.7164654731750488
-1.4657483100891113
-1.5133404731750488
-1.5915722846984863
-1.6268811225891113
-1.9411053657531738
-1.9879193305969238
-1.3222699165344238
-1.3185620307922363
-1.3170361518859863
-1.3181042671203613
-1.8544049263000488
-2.0887341499328613
-1.9841198921203613
-2.0831189155578613
-1.3259167671203613
-1.5820050239562988
-1.7094769477844238
-1.7395367622375488
-1.9386487007141113
-1.9532971382141113
-1.8951001167297363
-1.3606305122375488
-1.8179974555969238
-1.8243756294250488
-1.4354138374328613
-1.7457928657531738
-1.8677105903625488
-1.8497052192687988
-1.6562085151672363
-1.5298962593078613
-1.2683606147766113
-1.7960858345031738
-1.6909832954406738
-1.7585644721984863
-1.7328534126281738
-1.7617840766906738
-1.5839276313781738
-1.1255078315734863
-1.5863232612609863
-1.6720929145812988
-1.4349560737609863
-1.3996014595031738
-1.4940838813781738
-1.0766339302062988
-1.2758374214172363
-1.3619580268859863
-1.4076275825500488
-1.1000103950500488
-1.1809430122375488
-1.7063641548156738
-1.7124524116516113
-1.7555432319641113
-1.7619671821594238
-1.3289532661437988
-1.4752697944641113
-1.8069500923156738
-1.5740399360656738
-1.8439526557922363
-1.8797955513000488
-1.7040448188781738
-1.2900433540344238
-1.7847638130187988
-1.9895367622375488
-1.6938214302062988
-1.5526013374328613
-1.9340863227844238
-2.0234265327453613
-2.0991101264953613
-2.033482074737549
-1.4233136177062988
-2.0442395210266113
-1.8792920112609863
-2.178867816925049
-1.9858441352844238
-1.4273877143859863
-1.8722119331359863
-1.8482251167297363
-1.3157849311828613
-1.5636181831359863
-1.9660382270812988
-1.6737103462219238
-1.7001996040344238
-1.7341809272766113
-1.3230175971984863
-1.9560437202453613
-2.0453076362609863
-2.395573139190674
-1.9361615180969238
-1.3319287300109863
-1.3290143013000488
-1.3290448188781738
-1.3320355415344238
-1.8631939888000488
-2.1993298530578613
-1.9959759712219238
-2.1818127632141113
-1.9648785591125488
-1.3327984809875488
-1.6679730415344238
-1.7303357124328613
-1.3412518501281738
-1.7685742378234863
-1.5014233589172363
-1.9266095161437988
-1.7739453315734863
-1.9104809761047363
-1.4054608345031738
-1.8036999702453613
-1.9211773872375488
-1.4222455024719238
-1.7782635688781738
-1.4657483100891113
-1.8149456977844238
-1.6875958442687988
-1.5619549751281738
-1.2581219673156738
-1.7207837104797363
-1.7286267280578613
-1.7505688667297363
-1.6914715766906738
-1.7079815864562988
-1.7694592475891113
-1.1136975288391113
-1.5181469917297363
-1.0535931587219238
-1.0467572212219238
-1.0473065376281738
-1.3581433296203613
-1.4441723823547363
-1.0549359321594238
-1.2422528266906738
-1.0914654731750488
-1.1117901802062988
-1.1317028999328613
-1.1551098823547363
-1.6983227729797363
-1.7490735054016113
-1.2944836616516113
-1.4618115425109863
-1.2587933540344238
-1.8367810249328613
-1.6672711372375488
-1.8842968940734863
-1.7363629341125488
-1.9033246040344238
-2.037357807159424
-1.8756756782531738
-2.124729633331299
-1.7036633491516113
-1.6102948188781738
-1.9874920845031738
-2.0648694038391113
-2.1775708198547363
-1.5140271186828613
-1.3015789985656738
-1.9917645454406738
-1.4600415229797363
-1.3190808296203613
-2.004398822784424
-1.9826855659484863
-2.300327777862549
-2.311802387237549
-2.0586743354797363
-2.114048480987549
-2.1947216987609863
-2.1698498725891113
-2.151951313018799
-1.3308453559875488
-1.9298748970031738
-2.405277729034424
-2.4408764839172363
-1.6900067329406738
-1.7057690620422363
-1.7759137153625488
-2.0691723823547363
-1.9013409614562988
-1.8872570991516113
-1.8707623481750488
-2.1769604682922363
-2.144932270050049
-2.1232800483703613
-1.9824719429016113
-2.2729077339172363
-2.016880512237549
-1.9740643501281738
-1.7693982124328613
-1.7466168403625488
-1.3617444038391113
-1.5246930122375488
-1.7253003120422363
-1.9194989204406738
-1.9183087348937988
-1.4361157417297363
-1.9213147163391113
-1.4560589790344238
-1.7530255317687988
-1.7685437202453613
-1.9242444038391113
-1.5018963813781738
-1.8589825630187988
-1.9119153022766113
-1.6856427192687988
-1.6544842720031738
-1.6295666694641113
-1.7829022407531738
-1.8570446968078613
-1.8967175483703613
-1.8345837593078613
-1.7236218452453613
-1.8015942573547363
-1.6065869331359863
-1.7430920600891113
-1.5167584419250488
-1.0418438911437988
-1.0357098579406738
-1.3984875679016113
-1.5521740913391113
-1.0319104194641113
-1.3573803901672363
-1.4717602729797363
-1.3464398384094238
-1.3585247993469238
-1.3713269233703613
-1.0473217964172363
-1.1891522407531738
-1.6566815376281738
-1.3521924018859863
-1.3847546577453613
-1.6553235054016113
-1.8816266059875488
-1.9899182319641113
-1.9730725288391113
-1.2580914497375488
-2.2032361030578613
-2.0549206733703613
-2.0697522163391113
-1.8824658393859863
-1.9844403266906738
-2.0251965522766113
-1.5028271675109863
-2.098057270050049
-2.037205219268799
-1.9936261177062988
-1.3921856880187988
-1.3784527778625488
-2.1266674995422363
-2.0823864936828613
-2.132236957550049
-1.4383282661437988
-1.9230389595031738
-2.167271137237549
-1.9113812446594238
-2.069126605987549
-1.3518872261047363
-2.510746479034424
-1.6784253120422363
-1.8583264350891113
-2.0156750679016113
-1.9981884956359863
-2.2222790718078613
-2.182682514190674
-2.153355121612549
-1.3659863471984863
-1.7358136177062988
-1.8662610054016113
-1.6957440376281738
-1.5156292915344238
-1.9162335395812988
-1.9219861030578613
-1.8790173530578613
-1.9155621528625488
-1.8465313911437988
-1.9075360298156738
-1.8102154731750488
-1.5200238227844238
-1.4941143989562988
-1.6862378120422363
-1.0234417915344238
-1.2631421089172363
-1.3414654731750488
-1.3887677192687988
-1.0285687446594238
-1.6155438423156738
-1.6145062446594238
-1.6203045845031738
-1.6812024116516113
-1.7359967231750488
-1.2920880317687988
-1.4621624946594238
-1.7067608833312988
-1.9127850532531738
-1.8936963081359863
-2.1573681831359863
-2.0074963569641113
-1.8741192817687988
-2.2057690620422363
-2.3719067573547363
-2.0562634468078613
-2.0413403511047363
-2.054172992706299
-1.4049572944641113
-2.0654187202453613
-1.3701977729797363
-2.077763080596924
-1.4673047065734863
-1.3712353706359863
-2.128910541534424
-1.8223767280578613
-2.341892719268799
-2.1921582221984863
-2.040470600128174
-1.8243145942687988
-1.3739514350891113
-1.6356854438781738
-1.8083996772766113
-1.7350506782531738
-1.7365765571594238
-1.7540631294250488
-1.7582135200500488
-1.8030591011047363
-2.2400403022766113
-2.205112934112549
-2.1684155464172363
-1.8575482368469238
-1.6731915473937988
-1.3976483345031738
-1.4138836860656738
-1.8695263862609863
-1.8876843452453613
-1.5038342475891113
-1.9017987251281738
-1.9103436470031738
-1.6106457710266113
-1.2291913032531738
-1.2007794380187988
-1.7611584663391113
-1.7698559761047363
-1.7950634956359863
-1.6223797798156738
-1.5983471870422363
-1.7735180854797363
-1.3983960151672363
-1.4245953559875488
-1.6412396430969238
-1.3530163764953613
-1.0199322700500488
-1.3444561958312988
-1.3485150337219238
-1.3750500679016113
-1.3946576118469238
-1.1855359077453613
-1.6360516548156738
-1.7651562690734863
-1.5129132270812988
-1.8201184272766113
-1.6566052436828613
-1.8848462104797363
-1.2296338081359863
-1.9313702583312988
-2.063877582550049
-1.9845013618469238
-1.9936108589172363
-2.063419818878174
-2.0742077827453613
-1.8327069282531738
-1.7932019233703613
-1.7095990180969238
-2.1435132026672363
-2.161686420440674
-2.182377338409424
-2.086674213409424
-2.0294384956359863
-1.2897839546203613
-2.3829846382141113
-2.086460590362549
-1.3046307563781738
-2.0347485542297363
-1.3232617378234863
-2.413181781768799
-1.3896832466125488
-1.5419964790344238
-2.1021008491516113
-1.6224255561828613
-1.6827893257141113
-1.6837048530578613
-1.9870038032531738
-1.7701001167297363
-1.4144024848937988
-1.7508893013000488
-1.7282757759094238
-1.7060284614562988
-1.7357983589172363
-1.8184857368469238
-1.8150677680969238
-1.8803906440734863
-1.4799389839172363
-1.2986493110656738
-1.0244336128234863
-1.1760754585266113
-1.6341290473937988
-1.6346936225891113
-1.6889386177062988
-1.7630047798156738
-1.5238537788391113
-1.6627545356750488
-1.8737988471984863
-2.033115863800049
-1.9976391792297363
-1.2338147163391113
-2.294987201690674
-1.2482037544250488
-2.070591449737549
-1.6609539985656738
-2.0163464546203613
-2.0440258979797363
-1.3158612251281738
-1.3357586860656738
-1.4313397407531738
-2.3125195503234863
-2.4051709175109863
-1.6778759956359863
-1.9509167671203613
-1.6811261177062988
-1.5765118598937988
-1.7857708930969238
-1.5890240669250488
-1.5556988716125488
-1.5613446235656738
-1.4703869819641113
-1.4238781929016113
-1.4930462837219238
-1.3749279975891113
-1.5470471382141113
-1.8044171333312988
-1.8302960395812988
-1.8181042671203613
-1.7759442329406738
-1.6352429389953613
-1.1371350288391113
-1.7921185493469238
-1.8526349067687988
-1.5679364204406738
-1.7402234077453613
-1.8218731880187988
-1.4990277290344238
-1.4037365913391113
-1.6484417915344238
-1.3570294380187988
-1.5670819282531738
-1.2875714302062988
-1.2215161323547363
-1.1443219184875488
-1.6280407905578613
-1.6421551704406738
-1.6936383247375488
-1.7643170356750488
-1.3269085884094238
-1.8300824165344238
-1.6755871772766113
-1.9386181831359863
-1.2267956733703613
-2.052830219268799
-1.2397198677062988
-2.385105609893799
-2.094273090362549
-1.8434643745422363
-1.8118939399719238
-1.7854809761047363
-1.7660412788391113
-2.068790912628174
-2.097294330596924
-2.4058728218078613
-2.043552875518799
-1.4972729682922363
-1.4790997505187988
-1.4377331733703613
-2.2095837593078613
-1.7982525825500488
-1.6803021430969238
-1.5235486030578613
-1.5679669380187988
-1.4659161567687988
-1.4996075630187988
-1.4440655708312988
-1.5478100776672363
-1.5613903999328613
-1.3743176460266113
-1.7654767036437988
-1.8251538276672363
-1.7523541450500488
-1.7383465766906738
-1.6934552192687988
-1.8156781196594238
-1.1859478950500488
-1.1174054145812988
-1.7086224555969238
-1.8022198677062988
-1.0871930122375488
-1.4329571723937988
-1.6897320747375488
-1.3508648872375488
-1.4446911811828613
-1.0566449165344238
-1.1278729438781738
-1.7070202827453613
-1.7724804878234863
-1.3956494331359863
-1.4362988471984863
-1.4736523628234863
-1.8320813179016113
-1.2441296577453613
-1.2287793159484863
-1.9657635688781738
-1.2325482368469238
-2.0656323432922363
-2.460789203643799
-1.2826581001281738
-2.237064838409424
-2.254368305206299
-2.2953076362609863
-2.0249218940734863
-2.499241352081299
-2.0251049995422363
-2.041325092315674
-1.4848523139953613
-1.4633526802062988
-1.4988751411437988
-1.5539898872375488
-1.6179242134094238
-1.3202252388000488
-1.2930951118469238
-1.6947064399719238
-1.6207776069641113
-1.8370404243469238
-1.8068280220031738
-1.1602063179016113
-1.5190167427062988
-1.6524701118469238
-1.7854351997375488
-1.4658703804016113
-1.7261548042297363
-1.0361676216125488
-1.2425274848937988
-1.7041668891906738
-1.7719464302062988
-1.3115887641906738
-1.7662091255187988
-1.8791241645812988
-2.042881488800049
-2.117100238800049
-1.2494549751281738
-2.082706928253174
-1.2708172798156738
-2.138157367706299
-2.010258197784424
-2.188145160675049
-2.388523578643799
-2.5539135932922363
-2.536777973175049
-1.5635724067687988
-1.5423169136047363
-1.5321240425109863
-1.4231152534484863
-1.5084424018859863
-1.5024914741516113
-1.4888501167297363
-1.6375470161437988
-1.4933972358703613
-1.5079998970031738
-1.5407452583312988
-1.5671734809875488
-1.6165204048156738
-1.6571087837219238
-1.6645703315734863
-1.5079541206359863
-1.0993695259094238
-1.3904614448547363
-1.3306622505187988
-1.0497021675109863
-1.3603711128234863
-1.4671063423156738
-1.2167096138000488
-1.0733990669250488
-1.1600384712219238
-1.6837201118469238
-1.3867230415344238
-1.9582257270812988
-2.3257336616516113
-2.125584125518799
-2.086979389190674
-1.9366192817687988
-1.9093213081359863
-1.8818097114562988
-1.2999005317687988
-2.0119824409484863
-2.0090832710266113
-2.458805561065674
-1.6784100532531738
-2.020328998565674
-1.5192608833312988
-1.6216626167297363
-1.6348462104797363
-1.5294232368469238
-1.5483746528625488
-1.5896191596984863
-1.6198468208312988
-1.6613202095031738
-1.3617596626281738
-1.3375897407531738
-1.6384320259094238
-1.5184826850891113
-1.5679974555969238
-1.5987744331359863
-1.6244397163391113
-1.6933484077453613
-1.6819958686828613
-1.6742596626281738
-1.6940503120422363
-1.6441693305969238
-1.6137127876281738
-1.4047284126281738
-1.5864300727844238
-1.6373028755187988
-1.5928997993469238
-1.5715069770812988
-1.5543560981750488
-1.5416760444641113
-1.0924115180969238
-1.0785870552062988
-1.2799420356750488
-1.3578839302062988
-1.5448346138000488
-1.0724072456359863
-1.7478680610656738
-1.8234601020812988
-1.7132763862609863
-1.2993817329406738
-1.9503521919250488
-1.9758801460266113
-2.058109760284424
-2.321720600128174
-2.091282367706299
-1.2612652778625488
-2.497654438018799
-1.8540081977844238
-2.601322650909424
-1.7547955513000488
-1.3469128608703613
-1.5720562934875488
-1.4854931831359863
-1.5381054878234863
-1.5357098579406738
-1.5386395454406738
-1.6497235298156738
-1.6376690864562988
-1.4406018257141113
-1.6913800239562988
-1.6835675239562988
-1.5293622016906738
-1.6111493110656738
-1.5408062934875488
-1.5392193794250488
-1.5699658393859863
-1.2814068794250488
-1.3724865913391113
-1.5673718452453613
-1.5941052436828613
-1.5640454292297363
-1.6380963325500488
-1.3721356391906738
-1.6008343696594238
-1.5573620796203613
-1.5270733833312988
-1.6603894233703613
-1.4386029243469238
-1.6096234321594238
-1.5566449165344238
-1.3902783393859863
-1.0739789009094238
-1.4718213081359863
-1.3831524848937988
-1.3855633735656738
-1.3935589790344238
-1.4306988716125488
-1.4606366157531738
-1.2274212837219238
-1.1092877388000488
-1.1629376411437988
-1.7335553169250488
-1.7299847602844238
-1.8109173774719238
-1.8951153755187988
-1.4381604194641113
-1.5990948677062988
-2.0775952339172363
-1.3067059516906738
-2.1472058296203613
-2.2260632514953613
-1.2616467475891113
-1.2631573677062988
-1.8600506782531738
-1.3392834663391113
-2.5098462104797363
-1.5659375190734863
-1.5828137397766113
-1.5623059272766113
-1.2118725776672363
-1.6305432319641113
-1.6032452583312988
-1.2861676216125488
-1.5296063423156738
-1.3092083930969238
-1.3078656196594238
-1.4280743598937988
-1.3223309516906738
-1.3293347358703613
-1.3488354682922363
-1.4467816352844238
-1.1397747993469238
-1.1215100288391113
-1.3787884712219238
-1.1106305122375488
-1.6099286079406738
-1.3605694770812988
-1.6115460395812988
-1.4975628852844238
-1.0880322456359863
-1.2443127632141113
-1.4060864448547363
-1.1085247993469238
-1.2033734321594238
-1.7840161323547363
-1.8734784126281738
-2.0835766792297363
-2.0953259468078613
-2.1115918159484863
-2.1290173530578613
-2.0889172554016113
-2.3946423530578613
-2.164066791534424
-2.3013195991516113
-2.1870007514953613
-1.3012890815734863
-2.1951489448547363
-2.1859631538391113
-2.4127392768859863
-2.5385632514953613
-2.1490674018859863
-2.395512104034424
-1.3462872505187988
-2.1558728218078613
-2.266178607940674
-1.9624829292297363
-2.498295307159424
-1.7457318305969238
-1.4055523872375488
-1.6673321723937988
-1.6535840034484863
-1.5065503120422363
-1.6500897407531738
-1.6004071235656738
-1.6276593208312988
-1.5895276069641113
-1.7030072212219238
-1.7086224555969238
-1.4281201362609863
-1.4064984321594238
-1.5143017768859863
-1.6254467964172363
-1.5659527778625488
-1.2356915473937988
-1.5305829048156738
-1.4981122016906738
-1.4345746040344238
-1.4676251411437988
-1.2194104194641113
-1.2187390327453613
-1.5928540229797363
-1.3608899116516113
-1.2652935981750488
-1.3113751411437988
-1.2864422798156738
-1.2660565376281738
-1.1151013374328613
-1.2261700630187988
-1.4041790962219238
-1.2295575141906738
-1.7709088325500488
-1.7685742378234863
-1.9295239448547363
-1.4160656929016113
-1.9773755073547363
-1.9810986518859863
-1.9905133247375488
-2.0082287788391113
-1.9469037055969238
-2.1957898139953613
-2.3058056831359863
-1.3060803413391113
-1.3030591011047363
-2.080601215362549
-2.1419568061828613
-2.397037982940674
-2.4146618843078613
-2.0913281440734863
-1.3340039253234863
-2.070072650909424
-1.3575329780578613
-1.8540234565734863
-1.8581280708312988
-1.7724957466125488
-1.8092541694641113
-1.6527142524719238
-1.7681927680969238
-1.7141461372375488
-1.6700634956359863
-1.6262707710266113
-1.6590466499328613
-1.7185559272766113
-1.7219586372375488
-1.6757092475891113
-1.6129803657531738
-1.3585400581359863
-1.3900189399719238
-1.3217053413391113
-1.1451916694641113
-1.1738171577453613
-1.2714428901672363
-1.2451519966125488
-1.2446331977844238
-1.1295819282531738
-1.2237744331359863
-1.1613965034484863
-1.1674389839172363
-1.1768231391906738
-1.1900830268859863
-1.2844433784484863
-1.8026165962219238
-1.8976483345031738
-1.8974194526672363
-1.9179577827453613
-1.5504651069641113
-1.7051434516906738
-1.9391522407531738
-2.028172016143799
-2.102085590362549
-1.3845715522766113
-2.0289502143859863
-2.049534320831299
-2.105656147003174
-2.1046948432922363
-2.1010632514953613
-2.119846820831299
-1.3433575630187988
-1.8342938423156738
-1.8067975044250488
-1.7839245796203613
-1.7424206733703613
-1.6980938911437988
-1.6706738471984863
-1.6541028022766113
-1.6916089057922363
-1.5208172798156738
-1.5745739936828613
-1.5746197700500488
-1.7354168891906738
-1.7342877388000488
-1.6424450874328613
-1.6003460884094238
-1.2035107612609863
-1.1100201606750488
-1.1871533393859863
-1.1333661079406738
-1.1357007026672363
-1.2242474555969238
-1.2890362739562988
-1.3584027290344238
-1.5711712837219238
-1.5852704048156738
-1.0560956001281738
-1.2111859321594238
-1.2674908638000488
-1.1726422309875488
-1.1589398384094238
-1.1503033638000488
-1.8409466743469238
-1.7679944038391113
-2.104954242706299
-2.000370502471924
-2.035130023956299
-2.184910297393799
-2.0345044136047363
-2.0839428901672363
-1.9281353950500488
-1.8970837593078613
-1.8667340278625488
-1.8376049995422363
-1.9663586616516113
-1.8364605903625488
-1.3784832954406738
-1.9922680854797363
-1.9726452827453613
-1.9405865669250488
-1.8565869331359863
-1.3957257270812988
-1.8876080513000488
-1.8170361518859863
-1.6569256782531738
-1.7846722602844238
-1.7882885932922363
-1.7720685005187988
-1.7559552192687988
-1.7409405708312988
-1.6829113960266113
-1.7245831489562988
-1.5520825386047363
-1.7505078315734863
-1.7423443794250488
-1.4033246040344238
-1.3342022895812988
-1.2459301948547363
-1.3530926704406738
-1.0882763862609863
-1.2771496772766113
-1.1966595649719238
-1.2405896186828613
-1.1869091987609863
-1.1682629585266113
-1.0652356147766113
-1.4115185737609863
-1.4285931587219238
-1.4463543891906738
-1.2223095893859863
-1.0180249214172363
-1.0102581977844238
-1.2319226264953613
-1.1502423286437988
-1.2272229194641113
-1.1468548774719238
-1.1299328804016113
-1.1214184761047363
-1.7896618843078613
-1.7885632514953613
-1.7922558784484863
-1.8130688667297363
-1.8910107612609863
-1.8448529243469238
-2.246159076690674
-2.070652484893799
-1.7530407905578613
-1.8969922065734863
-1.6637921333312988
-1.6644177436828613
-1.6761822700500488
-1.9867901802062988
-1.7238659858703613
-1.4519238471984863
-1.5353131294250488
-1.7890362739562988
-1.5769085884094238
-1.6027112007141113
-1.7582287788391113
-1.7091412544250488
-1.7418255805969238
-1.4784283638000488
-1.5416302680969238
-1.2121472358703613
-1.4125714302062988
-1.4286694526672363
-1.4221386909484863
-1.2180829048156738
-1.1930890083312988
-1.4749341011047363
-1.4209332466125488
-1.1997418403625488
-1.7854504585266113
-1.8158917427062988
-1.8752942085266113
-1.8834271430969238
-1.9704632759094238
-1.9757885932922363
-2.024784564971924
-1.5641674995422363
-1.4980359077453613
-2.077518939971924
-2.252811908721924
-1.7291760444641113
-1.6911206245422363
-1.6584820747375488
-1.6310620307922363
-1.4581341743469238
-1.8747906684875488
-1.4112439155578613
-1.5913128852844238
-1.4140057563781738
-1.6302533149719238
-1.5490918159484863
-1.6623730659484863
-1.7646985054016113
-1.7423596382141113
-1.7387127876281738
-1.7399029731750488
-1.7452435493469238
-1.7543072700500488
-1.4219708442687988
-1.7780346870422363
-1.5591473579406738
-1.6171765327453613
-1.5961804389953613
-1.3236889839172363
-1.3963208198547363
-1.2946362495422363
-1.2184338569641113
-1.1902508735656738
-1.4135479927062988
-1.4278149604797363
-1.4229321479797363
-1.2259869575500488
-1.2202343940734863
-1.2247815132141113
-0.9832043647766113
-1.3699383735656738
-1.0893902778625488
-1.2309613227844238
-1.0674939155578613
-1.7232251167297363
-1.7323956489562988
-1.7824597358703613
-1.8472027778625488
-2.038517475128174
-2.051548480987549
-1.5945477485656738
-2.2544445991516113
-1.5292401313781738
-1.4890179634094238
-1.9833264350891113
-2.0128674507141113
-1.4459424018859863
-1.5491528511047363
-1.4435467720031738
-1.7444653511047363
-1.6936535835266113
-1.7599835395812988
-1.7559552192687988
-1.3531994819641113
-1.7533459663391113
-1.4982037544250488
-1.5517163276672363
-1.5211682319641113
-1.4915356636047363
-1.4658856391906738
-1.2254071235656738
-1.3174328804016113
-1.4624829292297363
-1.1667828559875488
-1.0892071723937988
-1.4020733833312988
-1.2535138130187988
-1.0943188667297363
-1.4633374214172363
-0.8395123481750488
-1.3269238471984863
-1.6986279487609863
-1.7005200386047363
-1.7557110786437988
-1.7870678901672363
-1.8189740180969238
-2.102512836456299
-2.0890393257141113
-2.009312152862549
-2.1758008003234863
-1.6896710395812988
-1.5450177192687988
-2.074039936065674
-1.8383679389953613
-1.6282086372375488
-2.270756244659424
-1.5637097358703613
-1.9932141304016113
-1.5224804878234863
-2.0194287300109863
-1.4799847602844238
-1.4999585151672363
-1.4752087593078613
-1.5385937690734863
-1.7844281196594238
-1.8275799751281738
-1.7239575386047363
-1.4792218208312988
-1.5464062690734863
-1.4616589546203613
-1.3605999946594238
-1.5917859077453613
-1.5279583930969238
-1.4385418891906738
-1.3350872993469238
-1.7293896675109863
-1.5107159614562988
-1.4126935005187988
-1.2971234321594238
-1.7317852973937988
-1.7309002876281738
-1.7091717720031738
-1.5225872993469238
-1.6681408882141113
-1.6061749458312988
-1.3952069282531738
-1.5249676704406738
-1.6010937690734863
-1.4550976753234863
-1.3557171821594238
-1.3725018501281738
-1.3157238960266113
-1.2385296821594238
-1.2711682319641113
-1.2917218208312988
-1.0835766792297363
-1.4391217231750488
-1.2698712348937988
-1.2719311714172363
-1.4221081733703613
-0.9151654243469238
-1.3804669380187988
-0.7884106636047363
-1.0706982612609863
-1.0464673042297363
-1.0632977485656738
-1.0530285835266113
-2.055546283721924
-1.9772076606750488
-2.1495862007141113
-2.136906147003174
-1.6942791938781738
-2.026737689971924
-2.2325329780578613
-2.0939831733703613
-1.4295697212219238
-1.6658215522766113
-1.6030163764953613
-2.059025287628174
-1.5603985786437988
-1.5089306831359863
-1.5099835395812988
-1.7559857368469238
-1.6499218940734863
-1.7324414253234863
-1.7522625923156738
-1.7599530220031738
-1.7492718696594238
-1.6818890571594238
-1.6945233345031738
-1.6637005805969238
-1.6208233833312988
-1.6133160591125488
-1.5878491401672363
-1.4630932807922363
-1.5721020698547363
-1.5738720893859863
-1.4402050971984863
-1.3683209419250488
-1.3563427925109863
-1.3119702339172363
-1.2919964790344238
-1.3859753608703613
-1.2061047554016113
-1.2381176948547363
-1.1374096870422363
-1.2795300483703613
-1.0602917671203613
-1.1399121284484863
-1.0841565132141113
-1.2172284126281738
-1.1636090278625488
-1.1047406196594238
-1.6791272163391113
-1.6809735298156738
-2.1203808784484863
-1.6636548042297363
-2.2130627632141113
-2.102085590362549
-1.9875226020812988
-1.9711499214172363
-2.0293774604797363
-2.039310932159424
-1.4287457466125488
-1.4716382026672363
-1.6121716499328613
-1.7004895210266113
-1.7187848091125488
-1.7384991645812988
-1.7582287788391113
-1.8191266059875488
-1.6753888130187988
-1.6311535835266113
-1.6739697456359863
-1.6887555122375488
-1.6501202583312988
-1.5045514106750488
-1.4211773872375488
-1.5101056098937988
-1.5914654731750488
-1.5879864692687988
-1.5947308540344238
-1.3781781196594238
-1.3555645942687988
-1.2843060493469238
-1.3542065620422363
-1.2770276069641113
-1.1015210151672363
-1.3324627876281738
-1.2112469673156738
-1.3033032417297363
-1.2968487739562988
-1.2937817573547363
-1.2939038276672363
-1.4071698188781738
-0.8779644966125488
-0.7944836616516113
-0.7391705513000488
-1.1692090034484863
-1.0310254096984863
-1.0404095649719238
-1.7077221870422363
-1.4403271675109863
-2.2097363471984863
-2.313297748565674
-2.353336811065674
-1.3612713813781738
-1.9660534858703613
-1.3652539253234863
-1.4066205024719238
-1.6090130805969238
-1.7633099555969238
-1.7033734321594238
-1.6569714546203613
-1.7096295356750488
-1.6702618598937988
-1.6941571235656738
-1.6920819282531738
-1.5615429878234863
-1.6665997505187988
-1.6514325141906738
-1.5479168891906738
-1.6845288276672363
-1.5756573677062988
-1.3996624946594238
-1.5216107368469238
-1.6104168891906738
-1.2321972846984863
-1.5356183052062988
-1.5674481391906738
-1.5486187934875488
-1.5028271675109863
-1.5314068794250488
-1.5057263374328613
-1.2500195503234863
-1.3387951850891113
-1.2222485542297363
-0.8964734077453613
-0.9290509223937988
-1.3175702095031738
-1.1814618110656738
-1.0163617134094238
-1.5240521430969238
-1.4972119331359863
-1.4665570259094238
-1.4427533149719238
-1.3717236518859863
-2.110355854034424
-1.9482617378234863
-1.3406414985656738
-1.8401226997375488
-1.9622235298156738
-1.3427929878234863
-1.6896557807922363
-1.4690136909484863
-1.6252026557922363
-1.7611432075500488
-1.6936230659484863
-1.7324566841125488
-1.7041058540344238
-1.5978436470031738
-1.5293316841125488
-1.5957531929016113
-1.4669842720031738
-1.4531140327453613
-1.4405713081359863
-1.4411206245422363
-1.5809521675109863
-1.4531140327453613
-1.5091900825500488
-1.6485028266906738
-1.5441327095031738
-1.5057415962219238
-1.5968060493469238
-1.5866742134094238
-1.4480481147766113
-1.4185681343078613
-1.4290814399719238
-1.4195752143859863
-1.3860821723937988
-1.3665814399719238
-1.2740826606750488
-1.3397412300109863
-1.0037732124328613
-0.8089489936828613
-0.7388195991516113
-0.7497906684875488
-1.0467419624328613
-1.0325207710266113
-1.0886120796203613
-1.6890454292297363
-1.6818585395812988
-1.3670239448547363
-1.9617810249328613
-2.1566967964172363
-1.8064312934875488
-2.0012097358703613
-2.327091693878174
-2.2375378608703613
-1.3239178657531738
-2.343174457550049
-1.3186078071594238
-1.3223767280578613
-1.6687054634094238
-1.6630139350891113
-1.4881787300109863
-1.6671948432922363
-1.6844067573547363
-1.6582989692687988
-1.7348370552062988
-1.6033825874328613
-1.7002148628234863
-1.7531018257141113
-1.6628766059875488
-1.6283612251281738
-1.5082898139953613
-1.4338726997375488
-1.3946881294250488
-1.5330090522766113
-1.5482831001281738
-1.6353039741516113
-1.4790234565734863
-1.5505414009094238
-1.4061932563781738
-1.0689282417297363
-1.0936932563781738
-1.1384930610656738
-1.3525738716125488
-1.0599560737609863
-1.2988171577453613
-1.2186017036437988
-0.7441906929016113
-0.8023266792297363
-0.6813702583312988
-1.0661664009094238
-1.0153088569641113
-1.8706860542297363
-1.5673871040344238
-1.3402142524719238
-1.3216748237609863
-2.358463764190674
-2.170078754425049
-2.094395160675049
-2.036442279815674
-1.4196820259094238
-1.6958966255187988
-1.7241406440734863
-1.7805371284484863
-1.8129467964172363
-1.7484326362609863
-1.7558331489562988
-1.7264752388000488
-1.7495923042297363
-1.5257458686828613
-1.4697308540344238
-1.4577374458312988
-1.3462567329406738
-1.4829449653625488
-1.3640942573547363
-1.5191388130187988
-1.5607037544250488
-1.5861248970031738
-1.5648388862609863
-1.5603833198547363
-1.4578747749328613
-1.4378705024719238
-1.3565869331359863
-0.9929089546203613
-1.0367932319641113
-1.0417981147766113
-1.0430188179016113
-1.0833325386047363
-1.3237652778625488
-1.0889630317687988
-1.2081952095031738
-1.0437817573547363
-0.9864697456359863
-1.2850689888000488
-0.8323864936828613
-0.6737866401672363
-0.6805310249328613
-1.0198407173156738
-1.0287213325500488
-0.9995923042297363
-1.6576733589172363
-1.6481518745422363
-1.7433819770812988
-1.7478833198547363
-1.8209576606750488
-1.6491742134094238
-2.1120800971984863
-1.9884228706359863
-2.227146625518799
-1.3129010200500488
-2.0234570503234863
-2.329624652862549
-2.382725238800049
-2.0218091011047363
-1.7412304878234863
-1.7360272407531738
-1.6745648384094238
-1.7926068305969238
-1.7809796333312988
-1.3862652778625488
-1.6621136665344238
-1.4806408882141113
-1.5375103950500488
-1.4845166206359863
-1.3541150093078613
-1.4289593696594238
-1.4010205268859863
-1.3023114204406738
-1.3180279731750488
-1.3476300239562988
-1.5697369575500488
-1.5260510444641113
-1.5802655220031738
-1.3519482612609863
-1.5158886909484863
-1.5509076118469238
-1.5246319770812988
-1.4750714302062988
-1.3886151313781738
-0.9029736518859863
-0.8080487251281738
-1.0414776802062988
-1.0637707710266113
-1.2093548774719238
-1.0327191352844238
-0.9771313667297363
-1.2115674018859863
-1.2353100776672363
-1.0433087348937988
-0.9491620063781738
-0.6754498481750488
-0.7418255805969238
-0.6431012153625488
-1.0995221138000488
-1.0014233589172363
-1.6806530952453613
-1.6655926704406738
-1.5455365180969238
-1.9052014350891113
-1.3188672065734863
-2.3470044136047363
-2.255405902862549
-1.3151440620422363
-2.097904682159424
-1.8436169624328613
-1.7678265571594238
-1.8093304634094238
-1.7108654975891113
-1.7542767524719238
-1.7302136421203613
-1.4400372505187988
-1.4876294136047363
-1.3780102729797363
-1.4312176704406738
-1.2964978218078613
-1.3625073432922363
-1.2820630073547363
-1.2649273872375488
-1.3483624458312988
-1.2626538276672363
-1.3528180122375488
-1.4621930122375488
-1.4876141548156738
-1.5569043159484863
-1.3685345649719238
-1.4661908149719238
-1.4416241645812988
-1.5647625923156738
-1.4458355903625488
-1.4760479927062988
-1.3165326118469238
-1.3399395942687988
-0.8144574165344238
-1.0088086128234863
-1.0356945991516113
-1.0056805610656738
-1.0080609321594238
-0.7743268013000488
-0.6298871040344238
-1.1689801216125488
-1.0508465766906738
-1.6081738471984863
-1.5997815132141113
-1.5963788032531738
-1.5992627143859863
-1.8624920845031738
-1.9280285835266113
-1.3122601509094238
-1.3097729682922363
-2.025669574737549
-2.0898022651672363
-2.128300189971924
-2.4748730659484863
-1.9263958930969238
-1.9533886909484863
-1.6297955513000488
-1.8286480903625488
-1.7464489936828613
-1.7379193305969238
-1.7408642768859863
-1.4371685981750488
-1.3184552192687988
-1.3073010444641113
-1.2303051948547363
-1.3310589790344238
-1.4744458198547363
-1.4616436958312988
-1.5534710884094238
-1.5673718452453613
-1.3959698677062988
-1.5650067329406738
-1.4038281440734863
-1.4814801216125488
-0.9463238716125488
-1.1053204536437988
-1.1499371528625488
-1.1192669868469238
-1.0447583198547363
-1.6208844184875488
-1.6078839302062988
-1.4271740913391113
-1.4022107124328613
-1.3054852485656738
-2.399143695831299
-2.314365863800049
-2.1959729194641113
-1.8358044624328613
-1.8446393013000488
-1.7715802192687988
-1.7208142280578613
-1.7537579536437988
-1.6909985542297363
-1.3388409614562988
-1.3221020698547363
-1.2659192085266113
-1.3211712837219238
-1.3768658638000488
-1.4702038764953613
-1.5170636177062988
-1.5534253120422363
-1.5535931587219238
-1.4905591011047363
-1.2847027778625488
-0.8692517280578613
-1.0098462104797363
-0.9545025825500488
-0.8622174263000488
-1.0255627632141113
-1.0441021919250488
-1.0395855903625488
-1.0571484565734863
-1.2338910102844238
-1.0823559761047363
-1.1836133003234863
-1.1672253608703613
-1.1626324653625488
-1.1573224067687988
-0.7144818305969238
-1.1260724067687988
-0.6526074409484863
-0.8231244087219238
-0.6113781929016113
-1.0495800971984863
-1.0336194038391113
-1.0173535346984863
-1.6276440620422363
-1.5205273628234863
-1.9823040962219238
-2.219974994659424
-2.0120434761047363
-2.3452343940734863
-2.6201977729797363
-2.242924213409424
-1.3551831245422363
-1.8212323188781738
-1.8155865669250488
-1.8100018501281738
-1.8218426704406738
-1.8090405464172363
-1.7758221626281738
-1.6491131782531738
-1.6203808784484863
-1.3838543891906738
-1.3299298286437988
-1.2547650337219238
-1.1980481147766113
-1.3678784370422363
-1.3965039253234863
-1.4326062202453613
-1.3729138374328613
-1.5212445259094238
-1.4744153022766113
-1.5442700386047363
-1.1957745552062988
-1.5025830268859863
-1.2540631294250488
-0.8074688911437988
-1.0153088569641113
-0.7948498725891113
-0.9795575141906738
-0.9962658882141113
-1.0120739936828613
-1.0177502632141113
-1.0663952827453613
-1.1677899360656738
-1.1653637886047363
-1.1265912055969238
-0.6951642036437988
-1.1358685493469238
-0.9198346138000488
-0.6398053169250488
-0.8304333686828613
-1.6448101997375488
-1.6329236030578613
-1.5557141304016113
-1.7077984809875488
-2.1157727241516113
-1.9828076362609863
-2.012394428253174
-2.430515766143799
-1.3243451118469238
-2.150211811065674
-2.080387592315674
-2.638554096221924
-2.633152484893799
-2.0519604682922363
-1.8608136177062988
-1.8280072212219238
-1.7450909614562988
-1.3868451118469238
-1.5130963325500488
-1.5370526313781738
-1.5626873970031738
-1.8016247749328613
-1.7536664009094238
-1.5665173530578613
-1.4706006050109863
-1.3827252388000488
-1.2830700874328613
-1.2119030952453613
-1.2410321235656738
-1.1584820747375488
-1.1914868354797363
-1.3062939643859863
-1.4852185249328613
-1.4317517280578613
-1.5354199409484863
-1.5303692817687988
-1.5367932319641113
-1.0336041450500488
-1.5546460151672363
-1.0560193061828613
-1.5381207466125488
-1.2984051704406738
-1.3852581977844238
-1.2800641059875488
-0.7260174751281738
-0.9254193305969238
-1.2256970405578613
-0.7493481636047363
-1.0205883979797363
-0.9750103950500488
-1.1593213081359863
-0.6786847114562988
-1.1173748970031738
-0.6313366889953613
-0.8420605659484863
-0.5987133979797363
-1.1500592231750488
-1.0683178901672363
-1.0278058052062988
-1.6547741889953613
-1.6413922309875488
-2.128574848175049
-1.9878582954406738
-1.9506726264953613
-2.0183606147766113
-2.443089008331299
-1.3327069282531738
-2.0575757026672363
-2.6475415229797363
-2.1437268257141113
-2.634617328643799
-2.305454730987549
-2.271824359893799
-2.241123676300049
-1.9755749702453613
-1.7399487495422363
-1.7245678901672363
-1.6214489936828613
-1.7121319770812988
-1.6379132270812988
-1.5615735054016113
-1.3609967231750488
-1.2851910591125488
-1.2316937446594238
-1.2080731391906738
-1.1523327827453613
-1.4507031440734863
-1.5245862007141113
-0.36993837356567383
-1.2165570259094238
-1.2643322944641113
-1.3029065132141113
-1.3290753364562988
-0.8333935737609863
-0.9964947700500488
-0.6622509956359863
-1.1114239692687988
-0.6268506050109863
-1.0782666206359863
-1.0604138374328613
-0.5999188423156738
-1.1316418647766113
-1.0641522407531738
-1.5950818061828613
-1.9973187446594238
-2.256168842315674
-1.3221631050109863
-2.0263867378234863
-2.3742566108703613
-1.8543133735656738
-1.9545636177062988
-2.6458020210266113
-1.3421521186828613
-2.2501416206359863
-2.195133686065674
-2.1476025581359863
-2.113834857940674
-1.6890912055969238
-1.7907757759094238
-1.7875256538391113
-1.4598278999328613
-1.7427411079406738
-1.7063488960266113
-1.6915936470031738
-1.6704602241516113
-1.5634503364562988
-1.4246411323547363
-1.3277173042297363
-1.1308026313781738
-1.0920758247375488
-1.2010693550109863
-1.2604413032531738
-1.2922406196594238
-1.3720440864562988
-1.4763226509094238
-1.5318188667297363
-1.4583783149719238
-1.3898816108703613
-1.2940869331359863
-0.8253979682922363
-1.4368023872375488
-1.2485699653625488
-0.7428326606750488
-1.0168805122375488
-0.9640698432922363
-1.0821118354797363
-1.0010266304016113
-1.0327496528625488
-1.0279126167297363
-1.0262036323547363
-1.0332074165344238
-1.0745434761047363
-1.0673260688781738
-1.0495953559875488
-1.6704144477844238
-1.6537213325500488
-1.7637829780578613
-1.2974591255187988
-1.7718701362609863
-1.3183178901672363
-1.7355847358703613
-2.4472851753234863
-1.7378888130187988
-1.7438855171203613
-1.3696942329406738
-1.8026623725891113
-1.7829937934875488
-1.7563214302062988
-1.7214398384094238
-1.6467785835266113
-1.1810498237609863
-1.7755322456359863
-1.6619915962219238
-1.3593945503234863
-1.2804760932922363
-1.1464276313781738
-1.1869244575500488
-1.1808819770812988
-1.1846203804016113
-1.0815167427062988
-1.1901288032531738
-1.2368969917297363
-1.1872296333312988
-1.5086102485656738
-1.4665875434875488
-1.5448803901672363
-1.0363812446594238
-1.4742474555969238
-1.3779644966125488
-1.2811322212219238
-1.3149456977844238
-1.2360577583312988
-1.2278027534484863
-0.6230969429016113
-1.1911511421203613
-0.9730572700500488
-1.1620831489562988
-1.0767407417297363
-0.8973889350891113
-1.1317944526672363
-1.0242505073547363
-1.0064892768859863
-1.1238751411437988
-1.0724377632141113
-1.6658215522766113
-1.6628003120422363
-1.8573651313781738
-1.2949872016906738
-2.013218402862549
-1.7747235298156738
-1.7726025581359863
-1.8671612739562988
-1.7049450874328613
-2.021214008331299
-2.5707592964172363
-2.483768939971924
-1.3718762397766113
-1.8102459907531738
-1.7947430610656738
-1.7664380073547363
-1.6474804878234863
-1.7872357368469238
-1.6690258979797363
-1.7047009468078613
-1.6513867378234863
-1.6239209175109863
-1.3024640083312988
-1.2305951118469238
-1.1515698432922363
-1.1890759468078613
-1.0761456489562988
-1.2072644233703613
-1.2624554634094238
-1.2892651557922363
-1.3276410102844238
-1.5409588813781738
-1.4018139839172363
-1.4508252143859863
-1.2517132759094238
-1.5248150825500488
-1.3589062690734863
-1.1884961128234863
-0.7428631782531738
-0.9797253608703613
-0.7692761421203613
-0.6369824409484863
-0.9961590766906738
-0.9914898872375488
-1.7736401557922363
-1.7344555854797363
-1.6002240180969238
-1.2959332466125488
-1.9851880073547363
-2.131565570831299
-1.3147778511047363
-1.7549328804016113
-1.7776226997375488
-1.8059582710266113
-2.046238422393799
-1.3787579536437988
-1.6532940864562988
-1.4793286323547363
-1.6695752143859863
-1.5078167915344238
-1.4749188423156738
-1.4236187934875488
-1.4170269966125488
-1.3777813911437988
-1.2253918647766113
-1.2481579780578613
-1.3701519966125488
-1.4309735298156738
-1.5288128852844238
-1.5174145698547363
-1.4488263130187988
-1.3101391792297363
-1.1495709419250488
-0.8410992622375488
-1.1792492866516113
-1.0486035346984863
-0.9311108589172363
-0.9616589546203613
-1.1246991157531738
-0.9940381050109863
-0.9805645942687988
-1.0923657417297363
-1.7705883979797363
-1.7367901802062988
-1.8704876899719238
-1.8536725044250488
-1.9400525093078613
-1.9957165718078613
-2.0605359077453613
-2.351231098175049
-1.6376690864562988
-1.9335675239562988
-2.435307025909424
-2.453709125518799
-1.3314099311828613
-2.0461316108703613
-1.9856152534484863
-1.3536267280578613
-1.6187176704406738
-1.4835400581359863
-1.6398358345031738
-1.6339154243469238
-1.5494732856750488
-1.6612744331359863
-1.6219830513000488
-1.5468487739562988
-1.3606610298156738
-1.3248028755187988
-1.1943249702453613
-1.0741467475891113
-1.0682568550109863
-1.1727795600891113
-1.2066235542297363
-1.2718701362609863
-1.5476422309875488
-1.0450024604797363
-0.9045147895812988
-0.8237805366516113
-0.6619153022766113
-0.7038159370422363
-0.8176159858703613
-1.1380810737609863
-1.1280560493469238
-0.9542431831359863
-1.7663922309875488
-1.7493481636047363
-1.8654522895812988
-1.5668072700500488
-1.3088726997375488
-1.3001294136047363
-2.0040173530578613
-2.1208386421203613
-1.3084149360656738
-1.9691052436828613
-1.3138928413391113
-1.3174328804016113
-2.1000256538391113
-1.3250164985656738
-2.466831684112549
-1.5197186470031738
-1.6967053413391113
-1.6285443305969238
-1.6126141548156738
-1.6686139106750488
-1.5549817085266113
-1.2298321723937988
-1.0764508247375488
-1.0708661079406738
-1.0672497749328613
-1.1875195503234863
-1.1641278266906738
-1.4784436225891113
-1.4836621284484863
-1.5117230415344238
-1.1218914985656738
-0.7621502876281738
-0.6636700630187988
-0.9357037544250488
-1.1782574653625488
-0.8540844917297363
-1.1575512886047363
-0.9597058296203613
-1.1364178657531738
-1.8683819770812988
-1.8360486030578613
-1.3265576362609863
-1.8651318550109863
-2.087498188018799
-2.3314709663391113
-2.0173840522766113
-1.5175213813781738
-1.9973645210266113
-2.0802197456359863
-2.396946430206299
-2.253086566925049
-2.0534863471984863
-2.073124408721924
-2.059635639190674
-1.3530163764953613
-1.5776715278625488
-1.6918683052062988
-1.5800518989562988
-1.6683392524719238
-1.5497784614562988
-1.2692914009094238
-1.2270703315734863
-1.0812115669250488
-1.1704449653625488
-1.0742840766906738
-1.1691021919250488
-1.0694165229797363
-1.1693463325500488
-1.0664868354797363
-1.1704144477844238
-1.1568951606750488
-1.1599469184875488
-1.2839245796203613
-1.3013958930969238
-1.4204297065734863
-1.4829297065734863
-1.4755749702453613
-1.5425610542297363
-1.4865918159484863
-1.2609906196594238
-1.2926678657531738
-1.2660107612609863
-1.2447857856750488
-0.6120953559875488
-0.9328961372375488
-0.8611798286437988
-1.1548962593078613
-0.9550213813781738
-1.8521466255187988
-1.8384594917297363
-1.4985241889953613
-1.4594464302062988
-1.3714947700500488
-1.7031598091125488
-1.3033642768859863
-1.5472455024719238
-1.8095746040344238
-2.067570209503174
-2.2226452827453613
-1.4965100288391113
-1.9552655220031738
-2.1270642280578613
-2.018467426300049
-2.017490863800049
-2.294865131378174
-2.3951916694641113
-1.4653363227844238
-1.4659161567687988
-1.4814038276672363
-1.5326123237609863
-1.5678601264953613
-1.6448101997375488
-1.7373700141906738
-1.6859173774719238
-1.6776623725891113
-1.2618908882141113
-1.1706128120422363
-1.0735516548156738
-1.0691571235656738
-1.0665326118469238
-1.1725964546203613
-1.1551709175109863
-1.1590161323547363
-1.2491192817687988
-1.2803082466125488
-1.4131970405578613
-1.4731183052062988
-1.4758496284484863
-1.5335431098937988
-1.2901501655578613
-1.3355298042297363
-1.3992657661437988
-1.1584362983703613
-1.3238110542297363
-0.7363018989562988
-0.7607312202453613
-0.6809277534484863
-0.9671826362609863
-1.1123242378234863
-0.5838818550109863
-1.1733746528625488
-1.1747174263000488
-0.6737713813781738
-0.6949353218078613
-0.8946270942687988
-1.9429669380187988
-1.9342999458312988
-1.6637768745422363
-2.0687756538391113
-1.9824566841125488
-2.1772351264953613
-1.9895215034484863
-1.4321484565734863
-2.024052143096924
-1.3227887153625488
-1.3318219184875488
-1.3872418403625488
-1.5258679389953613
-1.6887860298156738
-1.5475811958312988
-1.3431134223937988
-1.2584424018859863
-1.1398968696594238
-1.1723065376281738
-1.1727490425109863
-1.1743054389953613
-1.1758313179016113
-1.0671887397766113
-1.1553997993469238
-1.1869244575500488
-1.2483563423156738
-1.2792859077453613
-1.2541851997375488
-1.4093518257141113
-1.4667706489562988
-1.5268597602844238
-1.2251629829406738
-1.2963604927062988
-1.3658795356750488
-1.4162640571594238
-1.4511609077453613
-1.2978863716125488
-0.9111371040344238
-1.2893414497375488
-0.7706341743469238
-0.5553326606750488
-0.8890728950500488
-0.5823712348937988
-0.6302685737609863
-0.7271161079406738
-0.9314923286437988
-0.9240765571594238
-1.5006909370422363
-1.7030987739562988
-2.004459857940674
-2.040623188018799
-2.068760395050049
-2.1782422065734863
-2.025364398956299
-1.4075665473937988
-1.9796643257141113
-1.3935284614562988
-1.9869275093078613
-1.4297528266906738
-1.3825726509094238
-1.6467175483703613
-1.6127667427062988
-1.6702008247375488
-1.6410260200500488
-1.6984753608703613
-1.7277417182922363
-1.6956372261047363
-1.6644330024719238
-1.6685833930969238
-1.5486187934875488
-1.4999890327453613
-1.3928570747375488
-1.2146344184875488
-1.1748700141906738
-1.1767010688781738
-1.1567883491516113
-1.1208233833312988
-1.3544964790344238
-1.4201397895812988
-1.5230908393859863
-1.0777935981750488
-1.4274945259094238
-1.2622723579406738
-1.3369793891906738
-1.3195996284484863
-0.6803326606750488
-0.9826550483703613
-1.2790265083312988
-1.1875805854797363
-0.5983014106750488
-0.8931317329406738
-1.5174908638000488
-1.4844250679016113
-1.4551281929016113
-1.9973492622375488
-2.023167133331299
-2.0391125679016113
-1.8721966743469238
-2.060245990753174
-2.0120739936828613
-1.9970135688781738
-1.4192547798156738
-1.5785870552062988
-1.7227215766906738
-1.7188305854797363
-1.6111798286437988
-1.6415448188781738
-1.2040905952453613
-1.1698956489562988
-1.1283001899719238
-1.0710186958312988
-1.1584820747375488
-1.1792798042297363
-0.7650036811828613
-0.9416241645812988
-1.3656659126281738
-0.9218335151672363
-0.7511792182922363
-0.7372937202453613
-0.6949048042297363
-0.6847882270812988
-0.9855694770812988
-1.1821789741516113
-1.0078167915344238
-0.9691205024719238
-0.9292492866516113
-0.9413495063781738
-0.9134564399719238
-0.7210888862609863
-1.9106335639953613
-1.8561139106750488
-1.6809735298156738
-1.9193310737609863
-2.0267529487609863
-1.3374371528625488
-2.031589984893799
-2.247745990753174
-1.9690289497375488
-1.3489117622375488
-1.4204144477844238
-1.4706616401672363
-1.4950909614562988
-1.5369153022766113
-1.6091198921203613
-1.6613202095031738
-1.6899456977844238
-1.6618847846984863
-1.6870923042297363
-1.5968518257141113
-1.3284344673156738
-1.1118512153625488
-1.0741925239562988
-1.1560406684875488
-1.3644452095031738
-1.4495129585266113
-1.4651532173156738
-1.4485669136047363
-1.0086712837219238
-0.7492108345031738
-1.2815747261047363
-1.3513684272766113
-1.3309979438781738
-0.47206544876098633
-1.3135724067687988
-0.7095685005187988
-1.0290570259094238
-1.2706952095031738
-0.9889416694641113
-0.9870648384094238
-0.9201855659484863
-0.7083172798156738
-0.8989911079406738
-1.3520855903625488
-1.7718701362609863
-1.8894391059875488
-1.5309185981750488
-1.5018048286437988
-2.073276996612549
-2.0794568061828613
-2.0250134468078613
-1.4094586372375488
-2.218357563018799
-2.1685070991516113
-2.142429828643799
-2.3230175971984863
-1.3731732368469238
-2.108677387237549
-2.349033832550049
-2.1150097846984863
-1.5605664253234863
-1.6249432563781738
-1.5611310005187988
-1.4976544380187988
-1.4429364204406738
-1.0937390327453613
-1.0780835151672363
-1.1542553901672363
-1.1539807319641113
-1.2318463325500488
-1.3293957710266113
-1.4663128852844238
-1.3143658638000488
-1.1683087348937988
-1.2942700386047363
-1.4665265083312988
-1.5063366889953613
-1.2115521430969238
-1.2668042182922363
-0.5667920112609863
-0.6418652534484863
-0.5995831489562988
-0.8470959663391113
-0.9615826606750488
-1.1367077827453613
-1.2350964546203613
-0.9924054145812988
-0.5588726997375488
-0.8914227485656738
-1.4109234809875488
-1.5414471626281738
-1.8716473579406738
-1.2983288764953613
-1.6882824897766113
-2.121220111846924
-2.138737201690674
-2.156162738800049
-1.8378949165344238
-2.085484027862549
-1.9254803657531738
-1.9913678169250488
-2.163975238800049
-2.4087109565734863
-1.3395886421203613
-1.5516858100891113
-1.7270550727844238
-1.5117840766906738
-1.2785229682922363
-1.2541241645812988
-1.1880230903625488
-1.1577801704406738
-1.3831219673156738
-1.4789319038391113
-1.0775952339172363
-0.32638978958129883
-1.1368603706359863
-0.5603375434875488
-0.5589795112609863
-0.5437970161437988
-1.1249585151672363
-0.6077466011047363
-0.9422650337219238
-0.9817242622375488
-0.9592938423156738
-0.5464215278625488
-0.9007306098937988
-0.5234265327453613
-0.5625348091125488
-0.6607556343078613
-0.8894238471984863
-1.3615765571594238
-1.2756543159484863
-1.8955883979797363
-2.143192768096924
-1.7667737007141113
-2.1572461128234863
-2.314304828643799
-1.4365124702453613
-2.178898334503174
-2.4088940620422363
-1.3896527290344238
-1.6286664009094238
-1.6163678169250488
-1.6499829292297363
-1.7199444770812988
-1.6859631538391113
-1.6511578559875488
-1.7180981636047363
-1.6597180366516113
-1.6750531196594238
-1.7464947700500488
-1.6848034858703613
-1.5502362251281738
-1.4166760444641113
-1.4959149360656738
-1.3688092231750488
-1.4413342475891113
-1.3147778511047363
-1.2435498237609863
-1.1816143989562988
-1.1863598823547363
-1.2172284126281738
-1.3535504341125488
-1.4542431831359863
-1.4859814643859863
-1.2467846870422363
-1.2714276313781738
-1.2050518989562988
-1.1819348335266113
-0.9996380805969238
-0.9532971382141113
-0.9261059761047363
-0.9208722114562988
-0.5217022895812988
-0.8958020210266113
-0.9042401313781738
-0.5999035835266113
-1.3404736518859863
-1.5460400581359863
-1.7087597846984863
-1.7044110298156738
-1.2790875434875488
-1.8178296089172363
-1.8703045845031738
-1.2438855171203613
-1.9146161079406738
-1.5144848823547363
-2.3299145698547363
-2.1956677436828613
-2.333927631378174
-2.380344867706299
-1.4733319282531738
-2.1915783882141113
-2.4207348823547363
-1.3699383735656738
-1.5567212104797363
-1.6203503608703613
-1.5700726509094238
-1.6011395454406738
-1.6357159614562988
-1.6729931831359863
-1.7267193794250488
-1.6040234565734863
-1.7157940864562988
-1.3057904243469238
-1.1515240669250488
-1.1661877632141113
-1.1910138130187988
-1.2546734809875488
-1.3409619331359863
-1.4734692573547363
-1.0577282905578613
-1.2141308784484863
-1.4161572456359863
-1.4639782905578613
-1.2760968208312988
-1.2047619819641113
-0.9047894477844238
-1.2055249214172363
-0.7463574409484863
-0.8443493843078613
-0.8267560005187988
-1.3232007026672363
-1.5229229927062988
-1.6791272163391113
-1.6774487495422363
-1.2546734809875488
-1.7541699409484863
-1.8491864204406738
-1.5494275093078613
-2.428349018096924
-1.9478039741516113
-1.5170331001281738
-2.1348767280578613
-1.5265240669250488
-1.3539166450500488
-1.6372876167297363
-1.5561261177062988
-1.5881543159484863
-1.6234631538391113
-1.6613507270812988
-1.7065167427062988
-1.7465863227844238
-1.0834851264953613
-0.8713421821594238
-1.6750378608703613
-1.1612439155578613
-1.1582837104797363
-1.1574139595031738
-1.1855359077453613
-1.2423748970031738
-1.3063244819641113
-1.3682599067687988
-1.4647107124328613
-1.3153882026672363
-1.2272686958312988
-0.5799756050109863
-0.7574048042297363
-0.9375042915344238
-0.8125195503234863
-0.7096753120422363
-0.8851361274719238
-0.8716778755187988
-1.3229260444641113
-1.4649395942687988
-1.6469311714172363
-1.6470837593078613
-1.2222027778625488
-1.8313641548156738
-2.1744885444641113
-1.8421368598937988
-1.9123730659484863
-2.116276264190674
-2.359287738800049
-1.5817608833312988
-1.6719555854797363
-1.5764050483703613
-1.6122326850891113
-1.6696667671203613
-1.7543530464172363
-1.6603436470031738
-1.7299695014953613
-1.4343457221984863
-1.3900036811828613
-1.2637066841125488
-1.2636761665344238
-1.3984723091125488
-1.3669323921203613
-1.4429364204406738
-1.1282086372375488
-1.3637433052062988
-1.4252820014953613
-1.2546887397766113
-1.3172955513000488
-1.2637372016906738
-0.5853772163391113
-0.5297131538391113
-1.0617108345031738
-1.0024609565734863
-0.9525799751281738
-0.5077557563781738
-0.5245556831359863
-0.6442761421203613
-0.8255352973937988
-1.3334698677062988
-1.3752484321594238
-1.4125409126281738
-1.6151776313781738
-1.2058453559875488
-2.0032544136047363
-2.137669086456299
-1.8327069282531738
-1.2588696479797363
-1.6177716255187988
-1.4017682075500488
-1.6787457466125488
-1.6664776802062988
-1.2838635444641113
-1.6115002632141113
-1.3778424263000488
-1.2804608345031738
-1.2235302925109863
-1.2148175239562988
-1.2094159126281738
-1.1887860298156738
-1.2321515083312988
-1.4269757270812988
-1.4456219673156738
-1.3252911567687988
-1.1554455757141113
-0.6920819282531738
-0.9022870063781738
-1.0870251655578613
-1.1488537788391113
-0.8609967231750488
-0.7457928657531738
-0.9035992622375488
-0.8821454048156738
-1.5992474555969238
-1.6903119087219238
-2.1045727729797363
-1.2080426216125488
-1.2165265083312988
-2.075016498565674
-1.2314648628234863
-2.351078510284424
-2.072605609893799
-1.8889203071594238
-2.082645893096924
-2.2514538764953613
-1.7658734321594238
-1.6609692573547363
-1.7335400581359863
-1.4834790229797363
-1.3414044380187988
-1.6361737251281738
-1.6751751899719238
-1.7137799263000488
-1.6600842475891113
-1.4895062446594238
-1.3718914985656738
-1.4353375434875488
-1.3677411079406738
-1.2172589302062988
-1.2425427436828613
-1.2066082954406738
-1.2756085395812988
-1.4704937934875488
-1.4198346138000488
-1.2443280220031738
-1.1074261665344238
-1.4363293647766113
-0.7023968696594238
-0.7015881538391113
-0.7713208198547363
-0.9794049263000488
-0.5067639350891113
-0.8888287544250488
-0.8713421821594238
-0.8263440132141113
-1.5574078559875488
-1.5486493110656738
-1.5608258247375488
-1.2306866645812988
-1.5602154731750488
-1.8060803413391113
-2.190495014190674
-2.2814221382141113
-1.9275860786437988
-2.3852429389953613
-1.7796368598937988
-1.7106366157531738
-1.7508893013000488
-1.6295514106750488
-1.6118512153625488
-1.5565075874328613
-1.6946911811828613
-1.5114026069641113
-1.6767773628234863
-1.5706982612609863
-1.6997265815734863
-1.4779706001281738
-1.4074597358703613
-1.4115033149719238
-1.2520642280578613
-1.3347821235656738
-1.2798504829406738
-1.2344555854797363
-1.2517285346984863
-1.2774395942687988
-1.3698010444641113
-1.3936047554016113
-1.4205670356750488
-1.4836163520812988
-1.1559033393859863
-1.1827893257141113
-1.2993817329406738
-1.2342572212219238
-1.2760663032531738
-1.3372235298156738
-1.2538037300109863
-1.2789349555969238
-0.5013775825500488
-0.7291150093078613
-0.6688275337219238
-1.1660504341125488
-0.5292401313781738
-0.8638806343078613
-1.0783276557922363
-1.0797467231750488
-0.7561230659484863
-0.9045910835266113
-0.8664288520812988
-0.8515057563781738
-1.2397351264953613
-1.6507611274719238
-1.8644146919250488
-2.0669140815734863
-2.010502338409424
-1.8616375923156738
-1.3470959663391113
-1.6562542915344238
-1.6633343696594238
-1.6545300483703613
-1.6628918647766113
-1.5245709419250488
-1.5284619331359863
-1.4578900337219238
-1.5528607368469238
-1.5539441108703613
-1.5668683052062988
-1.5586438179016113
-1.2910199165344238
-1.3309063911437988
-1.2832226753234863
-1.3775525093078613
-1.5020642280578613
-1.4568982124328613
-1.3086590766906738
-1.1948590278625488
-1.3540844917297363
-1.3074841499328613
-1.1685681343078613
-1.1967663764953613
-1.1767468452453613
-0.5116925239562988
-0.6389050483703613
-0.7694745063781738
-0.8042645454406738
-1.0018048286437988
-1.0410046577453613
-0.7033276557922363
-0.8829236030578613
-0.8995251655578613
-1.2942700386047363
-1.3339276313781738
-1.3685498237609863
-1.5837140083312988
-1.5905194282531738
-1.8374676704406738
-1.8971905708312988
-2.2708630561828613
-2.0367016792297363
-2.1069531440734863
-2.2448620796203613
-1.3702282905578613
-1.5599408149719238
-1.7410016059875488
-1.4117779731750488
-1.5794110298156738
-1.4907574653625488
-1.3767437934875488
-1.6889233589172363
-1.5902600288391113
-1.5555310249328613
-1.4247479438781738
-1.4764904975891113
-1.3326916694641113
-1.4014172554016113
-1.3902935981750488
-1.3832135200500488
-1.2974286079406738
-1.2796978950500488
-1.3521466255187988
-1.2539715766906738
-1.3267407417297363
-1.2980694770812988
-1.2402539253234863
-1.2544293403625488
-1.1880536079406738
-1.1261487007141113
-0.7566266059875488
-0.7463726997375488
-0.7805829048156738
-1.0019574165344238
-1.0923352241516113
-1.0759320259094238
-0.5197644233703613
-0.7442822456359863
-1.0160717964172363
-0.8752789497375488
-0.8808789253234863
-1.5451245307922363
-1.2130475044250488
-1.5341534614562988
-1.6548199653625488
-1.1854290962219238
-1.8795361518859863
-2.003025531768799
-1.2320599555969238
-2.0473217964172363
-1.6129193305969238
-1.5730175971984863
-1.6521191596984863
-1.5581250190734863
-1.7271161079406738
-1.5402417182922363
-1.7200512886047363
-1.3452343940734863
-1.5498089790344238
-1.5529370307922363
-0.9427227973937988
-1.6057019233703613
-1.5718731880187988
-1.4828686714172363
-1.3655285835266113
-1.3317303657531738
-1.4436841011047363
-1.3483624458312988
-1.3913159370422363
-1.4094128608703613
-1.5470929145812988
-1.1783337593078613
-1.0574841499328613
-1.1987652778625488
-1.3170056343078613
-1.3181500434875488
-1.1828656196594238
-1.1936993598937988
-1.1021313667297363
-0.7466473579406738
-1.0898938179016113
-0.8035321235656738
-0.9105114936828613
-0.7869915962219238
-0.9679608345031738
-1.0003857612609863
-1.0204358100891113
-0.8781933784484863
-0.8727002143859863
-1.5009503364562988
-1.5145916938781738
-1.2326397895812988
-1.4348797798156738
-1.6209454536437988
-1.9970135688781738
-2.0129895210266113
-1.7477002143859863
-1.7015118598937988
-1.6778149604797363
-1.4682660102844238
-1.4929394721984863
-1.5213665962219238
-1.5524334907531738
-1.5412945747375488
-1.7282452583312988
-0.9443097114562988
-1.4426922798156738
-1.5484356880187988
-1.6253247261047363
-1.5738263130187988
-1.5186505317687988
-1.3849377632141113
-1.5470929145812988
-1.5645184516906738
-1.5770001411437988
-1.4173169136047363
-1.5542950630187988
-1.4319348335266113
-1.2926373481750488
-1.4152569770812988
-1.2811779975891113
-1.2806744575500488
-1.1631665229797363
-1.1518597602844238
-0.7467541694641113
-0.5315289497375488
-1.0240216255187988
-0.7171368598937988
-0.6096386909484863
-0.7923016548156738
-1.0580334663391113
-0.7870526313781738
-0.5940594673156738
-0.6235394477844238
-0.6650738716125488
-0.9198346138000488
-0.8636517524719238
-0.8631634712219238
-0.8653912544250488
-1.5527234077453613
-1.1989178657531738
-1.8748364448547363
-1.1918683052062988
-1.2041058540344238
-2.139591693878174
-1.9660077095031738
-1.8484082221984863
-1.6144146919250488
-1.5835919380187988
-1.5406842231750488
-1.5391125679016113
-1.6251111030578613
-1.5145459175109863
-1.7086834907531738
-1.5040631294250488
-1.4913372993469238
-1.4794049263000488
-1.2809948921203613
-1.4948773384094238
-1.5511822700500488
-1.5408673286437988
-1.4563488960266113
-1.5831341743469238
-1.4555706977844238
-1.5767102241516113
-1.4422650337219238
-1.5750164985656738
-1.5742230415344238
-1.4300427436828613
-1.4341473579406738
-1.4399304389953613
-1.3823742866516113
-1.2967572212219238
-1.3015332221984863
-1.2773785591125488
-1.2548413276672363
-0.44127321243286133
-0.49741029739379883
-0.7934613227844238
-0.7776379585266113
-0.6874585151672363
-0.6126904487609863
-0.7898907661437988
-0.5842785835266113
-0.6050152778625488
-0.6336255073547363
-0.6736187934875488
-0.9388012886047363
-0.9174389839172363
-0.8939862251281738
-1.5094037055969238
-1.2507061958312988
-1.3516125679016113
-1.3906445503234863
-1.1887249946594238
-1.5805706977844238
-1.7004437446594238
-1.1917157173156738
-1.8771710395812988
-1.9210553169250488
-1.2168622016906738
-1.9532818794250488
-2.0491833686828613
-2.0966382026672363
-1.9548230171203613
-1.2831768989562988
-1.5442547798156738
-1.5001568794250488
-1.5008740425109863
-1.2659955024719238
-1.4688000679016113
-1.3926434516906738
-1.5545849800109863
-1.4843335151672363
-1.4515423774719238
-1.4875378608703613
-1.0658459663391113
-1.4491925239562988
-1.3110852241516113
-1.2948346138000488
-1.2524304389953613
-1.2313122749328613
-0.42848634719848633
-0.5248456001281738
-0.8524975776672363
-0.5513653755187988
-1.0175366401672363
-0.9803662300109863
-0.9543194770812988
-0.9619793891906738
-0.9417614936828613
-0.9019513130187988
-0.9163861274719238
-1.6954083442687988
-1.1942028999328613
-1.8772625923156738
-1.9173932075500488
-1.2359051704406738
-1.9962353706359863
-2.009739398956299
-2.0306897163391113
-1.8454174995422363
-1.9238018989562988
-2.036564350128174
-1.7503552436828613
-1.6006207466125488
-1.4207959175109863
-1.4804272651672363
-1.6609692573547363
-1.6933941841125488
-1.4315838813781738
-1.4813427925109863
-1.3621106147766113
-1.4449505805969238
-1.4996228218078613
-1.5293927192687988
-1.1851544380187988
-1.5001568794250488
-1.3103985786437988
-1.4010205268859863
-1.4598278999328613
-0.8715252876281738
-1.2579083442687988
-1.3222088813781738
-1.3884625434875488
-1.3390698432922363
-1.2873883247375488
-1.2009167671203613
-1.2956738471984863
-1.2786297798156738
-1.2579693794250488
-0.44038820266723633
-1.0983624458312988
-1.1447949409484863
-0.7690014839172363
-0.5446667671203613
-1.0834546089172363
-0.5834851264953613
-0.7336010932922363
-0.8063092231750488
-0.8668866157531738
-0.9876751899719238
-0.9310650825500488
-0.9421887397766113
-0.9425854682922363
-0.9290204048156738
-0.9465374946594238
-1.4944348335266113
-1.5731701850891113
-1.6501355171203613
-1.1974835395812988
-1.6581158638000488
-1.8842663764953613
-1.2072644233703613
-1.9582104682922363
-1.2187542915344238
-1.8820233345031738
-2.019413471221924
-1.2366223335266113
-1.9481549263000488
-1.9585614204406738
-1.9939312934875488
-1.8958935737609863
-1.8214764595031738
-1.7547345161437988
-1.5241742134094238
-1.3851208686828613
-1.4499249458312988
-1.4971051216125488
-0.8063397407531738
-1.5223126411437988
-1.4364209175109863
-1.2753491401672363
-1.2142834663391113
-1.1549878120422363
-0.5401806831359863
-0.7826886177062988
-0.7372937202453613
-0.8316693305969238
-0.6613507270812988
-0.6833691596984863
-0.7891583442687988
-0.9120526313781738
-0.8337445259094238
-0.8498730659484863
-0.9422955513000488
-0.9705243110656738
-0.9878582954406738
-0.9253430366516113
-0.9608807563781738
-0.9609265327453613
-0.9643139839172363
-1.5110669136047363
-1.6058239936828613
-1.2120862007141113
-1.6691479682922363
-1.7999157905578613
-1.9234662055969238
-1.8676953315734863
-1.6610608100891113
-1.6403393745422363
-1.4686779975891113
-1.5960278511047363
-1.6563458442687988
-1.5267987251281738
-1.5321545600891113
-1.4830670356750488
-1.2783398628234863
-1.2163891792297363
-0.45171022415161133
-0.6093182563781738
-0.7174420356750488
-0.6878399848937988
-0.5108532905578613
-1.1539959907531738
-0.8502545356750488
-0.5188946723937988
-1.0068402290344238
-0.9781842231750488
-0.8222393989562988
-0.9831891059875488
-0.9993176460266113
-0.6994214057922363
-0.6555676460266113
-0.5626263618469238
-1.0016369819641113
-0.8930401802062988
-1.5369000434875488
-1.8238110542297363
-1.7511792182922363
-1.9440197944641113
-1.9611706733703613
-1.8801312446594238
-1.7872052192687988
-1.6361889839172363
-1.6142163276672363
-1.8549847602844238
-1.4343152046203613
-1.3795971870422363
-1.6461987495422363
-1.5784497261047363
-1.4646039009094238
-1.4974408149719238
-1.5192303657531738
-1.5087323188781738
-1.5137219429016113
-1.5218396186828613
-1.3278241157531738
-1.4411053657531738
-1.2888989448547363
-1.2675671577453613
-1.2489514350891113
-1.2330975532531738
-1.1855816841125488
-0.44943666458129883
-0.5277752876281738
-0.5483746528625488
-1.1279950141906738
-0.6092724800109863
-0.6562237739562988
-0.8316845893859863
-1.2207989692687988
-0.8681378364562988
-1.0422406196594238
-0.9676251411437988
-1.1619610786437988
-0.5224957466125488
-1.1245770454406738
-0.5106854438781738
-1.0933575630187988
-1.0562329292297363
-0.9146313667297363
-0.9298901557922363
-0.8866314888000488
-0.8874554634094238
-0.8797802925109863
-0.8755383491516113
-0.8759961128234863
-1.4811139106750488
-1.4730420112609863
-1.4704327583312988
-1.4742016792297363
-1.5477185249328613
-1.2707715034484863
-1.6528820991516113
-1.8045544624328613
-1.7795453071594238
-1.3325848579406738
-1.7280011177062988
-1.7182202339172363
-1.4239850044250488
-1.4007153511047363
-1.4111065864562988
-1.5791058540344238
-1.6369061470031738
-1.5082592964172363
-1.5174298286437988
-1.5286908149719238
-1.4954571723937988
-1.1269421577453613
-1.4705243110656738
-1.4157452583312988
-1.0836682319641113
-0.7355847358703613
-0.47429323196411133
-0.8191723823547363
-0.45810365676879883
-1.1221356391906738
-1.2372021675109863
-1.2545361518859863
-0.6898541450500488
-1.2582440376281738
-0.5489239692687988
-1.0249218940734863
-0.5526623725891113
-0.7821087837219238
-0.5470776557922363
-1.0819439888000488
-0.9024548530578613
-0.9970288276672363
-1.0936932563781738
-0.5111126899719238
-1.1095166206359863
-1.1008496284484863
-1.1031689643859863
-0.5013165473937988
-0.8823132514953613
-0.7188611030578613
-0.9015240669250488
-0.9120221138000488
-0.8623089790344238
-1.4949536323547363
-1.4898571968078613
-1.5615429878234863
-1.6482281684875488
-1.3622021675109863
-1.4854626655578613
-1.6785473823547363
-1.3211712837219238
-1.6375470161437988
-1.7655987739562988
-1.7542462348937988
-1.6880078315734863
-1.8376965522766113
-1.3722577095031738
-1.4808087348937988
-1.5083050727844238
-1.5377697944641113
-1.3289074897766113
-1.6384778022766113
-1.3571209907531738
-1.4820904731750488
-1.5316205024719238
-1.5302319526672363
-1.5304913520812988
-1.4471173286437988
-1.4647717475891113
-1.4701733589172363
-1.4391369819641113
-1.3871350288391113
-0.7790265083312988
-1.1738934516906738
-0.47441530227661133
-0.5675854682922363
-0.5655407905578613
-0.6985363960266113
-1.1666302680969238
-1.1491742134094238
-0.8415570259094238
-0.8893170356750488
-0.5033917427062988
-0.8623547554016113
-1.5106549263000488
-1.5098004341125488
-1.5573315620422363
-1.6234478950500488
-1.3914685249328613
-1.5853466987609863
-1.7454419136047363
-1.7712750434875488
-1.8180737495422363
-1.3725323677062988
-1.6915936470031738
-1.8487286567687988
-1.8260540962219238
-1.4051098823547363
-1.8285717964172363
-1.3110547065734863
-1.8177685737609863
-1.8153271675109863
-1.5871777534484863
-1.3016400337219238
-1.6373181343078613
-1.5925030708312988
-1.4978833198547363
-1.5235791206359863
-1.3400769233703613
-1.5349316596984863
-1.5247845649719238
-1.4116711616516113
-1.4465069770812988
-1.4455304145812988
-1.4374127388000488
-1.4338726997375488
-1.1718029975891113
-1.1667981147766113
-1.3605694770812988
-1.2380719184875488
-1.2127118110656738
-1.1899914741516113
-1.3178753852844238
-1.1700177192687988
-0.8974347114562988
-1.0738720893859863
-0.6641278266906738
-0.6764874458312988
-0.6828198432922363
-1.0039410591125488
-0.8679242134094238
-0.9008526802062988
-0.6626172065734863
-0.9031262397766113
-0.8560986518859863
-0.8347363471984863
-0.8303875923156738
-0.8304791450500488
-1.5654339790344238
-1.7339673042297363
-1.7749371528625488
-1.8034405708312988
-1.4748578071594238
-1.5546307563781738
-1.6020245552062988
-1.7220196723937988
-1.8439068794250488
-1.6156353950500488
-1.3824505805969238
-1.4520459175109863
-1.6992383003234863
-1.7705883979797363
-1.6776165962219238
-1.3275952339172363
-1.4565320014953613
-1.7510418891906738
-1.8205304145812988
-1.7058758735656738
-1.2950787544250488
-1.4696240425109863
-1.7975354194641113
-1.7256054878234863
-1.2678875923156738
-1.5380597114562988
-1.8170361518859863
-1.2586102485656738
-1.5612835884094238
-1.7942242622375488
-1.5919537544250488
-1.7708477973937988
-1.7235760688781738
-1.5971264839172363
-1.5428662300109863
-1.3389325141906738
-1.3505597114562988
-1.3648266792297363
-1.4498791694641113
-1.4059643745422363
-1.4034466743469238
-1.3292279243469238
-1.2936749458312988
-1.3474621772766113
-1.2743268013000488
-1.2934155464172363
-0.5002331733703613
-1.2482342720031738
-0.9900403022766113
-1.0726361274719238
-0.5754742622375488
-1.0029950141906738
-0.5104107856750488
-0.8876233100891113
-0.48912477493286133
-0.49181032180786133
-0.9040722846984863
-0.8405499458312988
-0.8200573921203613
-1.5859417915344238
-1.5773205757141113
-1.5668835639953613
-1.5761303901672363
-1.6472668647766113
-1.8278851509094238
-1.7439160346984863
-1.7924695014953613
-1.5787854194641113
-1.6573224067687988
-1.6934857368469238
-1.8078351020812988
-1.5837292671203613
-1.7386364936828613
-1.8150982856750488
-1.6824994087219238
-1.6156353950500488
-1.7488903999328613
-1.6366620063781738
-1.7584576606750488
-1.6590313911437988
-1.7654309272766113
-1.7842755317687988
-1.7418103218078613
-1.2416119575500488
-1.7003064155578613
-1.7067303657531738
-1.7180523872375488
-1.7323040962219238
-1.2473340034484863
-1.5515179634094238
-1.4121441841125488
-1.3947033882141113
-1.4075818061828613
-1.3383374214172363
-1.2899518013000488
-1.1990704536437988
-1.1707806587219238
-1.2748761177062988
-1.1459698677062988
-1.1254315376281738
-0.9018445014953613
-1.0905346870422363
-0.6284527778625488
-1.2366986274719238
-1.2238049507141113
-1.2142071723937988
-1.0157208442687988
-0.5844922065734863
-0.5096173286437988
-0.8909039497375488
-0.49037599563598633
-0.8149609565734863
-0.8101086616516113
-0.8107037544250488
-1.6164288520812988
-1.6149945259094238
-1.6380505561828613
-1.6194348335266113
-1.6226391792297363
-1.6461377143859863
-1.6618847846984863
-1.7649121284484863
-1.7207531929016113
-1.8183026313781738
-1.7235760688781738
-1.8669171333312988
-1.6940960884094238
-1.1965527534484863
-1.7219738960266113
-1.7017865180969238
-1.6669964790344238
-1.6230969429016113
-1.7825055122375488
-1.4792675971984863
-1.5785107612609863
-1.5900616645812988
-1.7401318550109863
-1.4661145210266113
-1.3224072456359863
-1.2422223091125488
-1.5758099555969238
-1.4290509223937988
-1.3393445014953613
-1.3885235786437988
-1.3040051460266113
-1.2962536811828613
-1.2814984321594238
-1.2699780464172363
-1.2677655220031738
-1.2157483100891113
-1.2500500679016113
-1.2509503364562988
-1.0234723091125488
-0.7127270698547363
-0.7349896430969238
-0.7529950141906738
-1.0174756050109863
-0.5796399116516113
-0.5171704292297363
-0.49210023880004883
-0.8790020942687988
-0.8648419380187988
-0.8829388618469238
-0.8565411567687988
-0.8276867866516113
-1.4945721626281738
-1.2625164985656738
-1.6703228950500488
-1.6962170600891113
-1.6892743110656738
-1.6903271675109863
-1.5890698432922363
-1.2146954536437988
-1.6939282417297363
-1.1873974800109863
-1.8261151313781738
-1.7082409858703613
-1.8416333198547363
-1.7995648384094238
-1.7214398384094238
-1.7195324897766113
-1.8004651069641113
-1.7126507759094238
-1.8593335151672363
-1.7818036079406738
-1.8404889106750488
-1.6891980171203613
-1.7960858345031738
-1.8458752632141113
-1.6798291206359863
-1.4940533638000488
-1.5971570014953613
-1.6348156929016113
-1.2416119575500488
-1.4527478218078613
-1.2963299751281738
-1.3167614936828613
-1.2682690620422363
-1.2746014595031738
-1.2143445014953613
-0.5298962593078613
-0.9838910102844238
-0.5710949897766113
-0.9632000923156738
-0.8798871040344238
-0.9374585151672363
-0.5024762153625488
-0.5047497749328613
-0.8786969184875488
-0.8613018989562988
-0.8536725044250488
-0.8346447944641113
-1.5216107368469238
-1.5172924995422363
-1.5197949409484863
-1.5785565376281738
-1.3840680122375488
-1.2663464546203613
-1.5766339302062988
-1.1616559028625488
-1.6423840522766113
-1.1284832954406738
-1.8718762397766113
-1.6460614204406738
-1.1778302192687988
-1.3738446235656738
-1.3000226020812988
-1.3445172309875488
-1.2713055610656738
-1.2596631050109863
-1.3455548286437988
-1.2529797554016113
-1.2509655952453613
-1.2610058784484863
-1.1980786323547363
-1.1921277046203613
-1.2019543647766113
-1.2142071723937988
-0.6998639106750488
-0.7128949165344238
-0.7255291938781738
-0.7524762153625488
-1.2131695747375488
-1.2000164985656738
-0.9705853462219238
-0.5611004829406738
-0.8669781684875488
-0.5406994819641113
-0.9636120796203613
-0.5257306098937988
-0.8096814155578613
-0.9113507270812988
-0.5177044868469238
-0.8284192085266113
-0.8193554878234863
-1.4966168403625488
-1.4093365669250488
-1.1831402778625488
-1.5083813667297363
-1.1432232856750488
-1.6913037300109863
-1.7241101264953613
-1.6156811714172363
-1.1042218208312988
-1.8684735298156738
-1.7524456977844238
-1.8391919136047363
-1.6091656684875488
-1.6345868110656738
-1.3846631050109863
-1.3145184516906738
-1.1871685981750488
-1.4098095893859863
-1.3897137641906738
-1.2427411079406738
-1.3067364692687988
-1.0652508735656738
-1.2669415473937988
-1.2138562202453613
-1.1980633735656738
-1.1886334419250488
-1.1123700141906738
-0.5580487251281738
-0.5661969184875488
-1.0843853950500488
-1.1695599555969238
-0.9528698921203613
-0.5951581001281738
-1.0605206489562988
-1.1021466255187988
-0.6454358100891113
-1.0408368110656738
-0.9517560005187988
-0.5686078071594238
-0.5503430366516113
-0.9024548530578613
-0.5399212837219238
-0.9403729438781738
-0.6648144721984863
-0.5452008247375488
-0.8936200141906738
-0.9339489936828613
-0.8307843208312988
-0.8208050727844238
-0.8154950141906738
-0.8133130073547363
-0.8138165473937988
-1.4797253608703613
-1.2757306098937988
-1.2481884956359863
-1.2253918647766113
-1.2072033882141113
-1.5199627876281738
-1.7793164253234863
-1.5735974311828613
-1.0836987495422363
-1.8316235542297363
-1.5460858345031738
-1.6408886909484863
-1.3277630805969238
-1.2766156196594238
-1.1707653999328613
-1.1295971870422363
-1.1768383979797363
-1.0625958442687988
-1.0627026557922363
-1.0392041206359863
-1.0325207710266113
-1.1088910102844238
-1.0031628608703613
-0.8455853462219238
-1.1550641059875488
-1.1455883979797363
-0.9037365913391113
-1.1393017768859863
-0.9282269477844238
-1.1404767036437988
-0.8037152290344238
-1.0648541450500488
-1.0826306343078613
-0.6260876655578613
-1.0403790473937988
-1.1333203315734863
-1.1578869819641113
-0.9064526557922363
-0.8574566841125488
-0.8163800239562988
-0.9317212104797363
-0.7285046577453613
-0.8584027290344238
-0.8370862007141113
-0.8206830024719238
-0.8187756538391113
-1.4366192817687988
-1.2905621528625488
-1.1276898384094238
-1.4816021919250488
-1.3757672309875488
-1.0817608833312988
-1.4510235786437988
-1.0604748725891113
-1.5831952095031738
-1.6266980171203613
-1.7911725044250488
-1.7091565132141113
-1.5493054389953613
-1.6454205513000488
-1.2833600044250488
-1.1947522163391113
-1.2813611030578613
-1.1098523139953613
-0.9960064888000488
-1.0705609321594238
-1.0635266304016113
-1.1776318550109863
-0.9078106880187988
-1.0344281196594238
-1.2351574897766113
-0.8765301704406738
-1.1345257759094238
-0.8139996528625488
-1.2160229682922363
-0.9713482856750488
-0.7359967231750488
-0.9918866157531738
-1.0126385688781738
-0.8292431831359863
-1.0441632270812988
-1.1169171333312988
-0.6997113227844238
-0.7174878120422363
-0.7521862983703613
-0.8751111030578613
-0.8248791694641113
-0.7363781929016113
-0.6214337348937988
-0.9473004341125488
-0.9220623970031738
-0.8799481391906738
-0.9175610542297363
-0.8825726509094238
-0.8271374702453613
-0.8200116157531738
-1.2858929634094238
-1.0827069282531738
-1.4480633735656738
-1.5397076606750488
-1.6600689888000488
-1.6266522407531738
-1.4934124946594238
-1.0438275337219238
-1.6893811225891113
-1.6958813667297363
-1.4870343208312988
-1.0612072944641113
-1.6204419136047363
-1.3666882514953613
-1.5536541938781738
-1.3828167915344238
-1.3622632026672363
-1.2509655952453613
-1.1945843696594238
-1.1820111274719238
-1.3517193794250488
-1.2402997016906738
-1.2095532417297363
-1.2279706001281738
-1.2457013130187988
-1.2293286323547363
-1.1579632759094238
-1.1788525581359863
-1.2915692329406738
-1.1198620796203613
-1.1666760444641113
-1.1719708442687988
-1.1830792427062988
-1.1960949897766113
-1.0915570259094238
-1.2175641059875488
-1.0412793159484863
-0.9815258979797363
-0.9620251655578613
-0.9274945259094238
-0.9268231391906738
-0.9107251167297363
-1.1806988716125488
-0.9438519477844238
-0.8562054634094238
-0.9484906196594238
-0.9255719184875488
-0.9230999946594238
-0.7747387886047363
-0.9045147895812988
-1.0727276802062988
-1.0891919136047363
-0.7291455268859863
-0.6347393989562988
-0.9363903999328613
-0.8349041938781738
-0.7215466499328613
-0.6661572456359863
-0.7451672554016113
-0.7802166938781738
-0.9433178901672363
-0.9539380073547363
-1.1294293403625488
-0.9624676704406738
-0.9427533149719238
-0.8854413032531738
-0.9222455024719238
-0.8777966499328613
-0.8266186714172363
-0.8329968452453613
-0.8146405220031738
-1.3505902290344238
-1.4638104438781738
-1.4431958198547363
-1.4703717231750488
-1.5070538520812988
-1.6573681831359863
-1.4413647651672363
-1.0240368843078613
-1.4430127143859863
-1.0361523628234863
-1.6682476997375488
-1.4026837348937988
-1.0684857368469238
-1.5092816352844238
-1.5281567573547363
-1.5512433052062988
-1.3710064888000488
-1.5769848823547363
-1.3365521430969238
-1.3179364204406738
-1.1860241889953613
-1.1524548530578613
-1.2861371040344238
-1.2827649116516113
-1.2065625190734863
-1.4307599067687988
-1.3279767036437988
-1.2368359565734863
-1.3682293891906738
-1.0849041938781738
-1.2334179878234863
-1.0853619575500488
-1.0848889350891113
-0.8992352485656738
-1.0734448432922363
-1.1635937690734863
-1.1918683052062988
-0.9685101509094238
-1.1118664741516113
-1.0703473091125488
-1.0916028022766113
-0.6949353218078613
-1.0172314643859863
-0.8763165473937988
-0.8371930122375488
-0.9955029487609863
-1.0634655952453613
-0.6580243110656738
-0.7377362251281738
-1.1139721870422363
-0.9703717231750488
-0.9112591743469238
-0.8554730415344238
-0.8259930610656738
-1.3551983833312988
-1.3186535835266113
-1.4211773872375488
-1.3827557563781738
-1.3230175971984863
-1.0068097114562988
-1.3360180854797363
-1.0014081001281738
-1.4328351020812988
-1.3692212104797363
-1.0038800239562988
-1.6181073188781738
-1.3995099067687988
-1.0182843208312988
-1.4901471138000488
-1.6465039253234863
-1.6450543403625488
-1.3826642036437988
-1.0429120063781738
-1.4186139106750488
-1.6373333930969238
-1.5887646675109863
-1.6333050727844238
-1.5980114936828613
-1.4266247749328613
-1.5957837104797363
-1.1980786323547363
-1.2299084663391113
-1.1230664253234863
-1.3488659858703613
-1.2963452339172363
-1.5241894721984863
-1.3448681831359863
-1.1530194282531738
-1.1612439155578613
-1.3351178169250488
-1.2501263618469238
-1.4843487739562988
-1.4236035346984863
-1.1526837348937988
-1.1995282173156738
-1.1730999946594238
-1.2074627876281738
-1.2376141548156738
-1.1098980903625488
-1.0864605903625488
-1.2329754829406738
-1.0543408393859863
-1.1507306098937988
-1.0407757759094238
-1.1313824653625488
-1.1318860054016113
-1.0956616401672363
-1.1124310493469238
-0.6522564888000488
-1.0642743110656738
-0.6352429389953613
-1.0448803901672363
-1.0603375434875488
-1.1152844429016113
-0.7006573677062988
-1.0112652778625488
-1.0997815132141113
-1.0001873970031738
-0.9883465766906738
-0.9357037544250488
-0.9391369819641113
-0.8857617378234863
-0.8597149848937988
-0.8465008735656738
-1.2453503608703613
-1.0038189888000488
-1.5315594673156738
-1.3938794136047363
-1.5851330757141113
-1.3332562446594238
-1.4981122016906738
-1.5511822700500488
-1.6234326362609863
-1.5776867866516113
-1.3755536079406738
-1.2754254341125488
-1.6061444282531738
-1.2100110054016113
-1.1749463081359863
-1.1310009956359863
-1.5495495796203613
-1.2080883979797363
-1.4696087837219238
-1.1747937202453613
-1.2663617134094238
-1.2275433540344238
-1.0811047554016113
-1.2842755317687988
-1.2517743110656738
-0.8821148872375488
-1.1670880317687988
-1.0182538032531738
-1.1336102485656738
-0.6486248970031738
-1.1240277290344238
-0.7933850288391113
-1.0243268013000488
-0.9930462837219238
-0.9845776557922363
-0.9818310737609863
-0.9849743843078613
-1.0504803657531738
-1.0535321235656738
-1.0607800483703613
-0.9677624702453613
-0.9660229682922363
-0.9487652778625488
-0.9448895454406738
-0.9352154731750488
-0.9238934516906738
-0.9171643257141113
-0.9135022163391113
-1.1920514106750488
-0.9965405464172363
-1.3685956001281738
-1.2903943061828613
-1.3194775581359863
-1.3285260200500488
-1.5327191352844238
-1.5704388618469238
-1.0369458198547363
-1.4469037055969238
-1.3491559028625488
-1.2663769721984863
-1.5108227729797363
-1.3554577827453613
-1.5463147163391113
-1.5445141792297363
-1.3666119575500488
-1.1351208686828613
-1.1351819038391113
-1.0956006050109863
-1.0814251899719238
-1.4955487251281738
-1.2673230171203613
-1.1980633735656738
-1.0103802680969238
-0.9967236518859863
-0.9876599311828613
-1.0075726509094238
-0.9300122261047363
-0.6820721626281738
-0.6450238227844238
-1.0862622261047363
-1.0664410591125488
-1.0323834419250488
-1.0312085151672363
-1.0341229438781738
-1.0432171821594238
-1.1626782417297363
-1.3545575141906738
-1.3342328071594238
-1.2990612983703613
-1.3829541206359863
-1.2320141792297363
-0.9823346138000488
-1.3053021430969238
-1.4349102973937988
-1.4493756294250488
-1.2511487007141113
-1.4663128852844238
-1.3337903022766113
-1.4648785591125488
-1.3436169624328613
-1.3714337348937988
-1.4482769966125488
-1.4161725044250488
-1.3596081733703613
-1.2569470405578613
-1.4667859077453613
-1.2579388618469238
-1.0930676460266113
-1.4677319526672363
-1.0681958198547363
-1.0238080024719238
-1.0207257270812988
-1.0137524604797363
-1.0403180122375488
-1.0020794868469238
-1.3924756050109863
-0.8712506294250488
-0.7748150825500488
-0.7564435005187988
-0.8851819038391113
-0.6711163520812988
-1.1094708442687988
-1.0934948921203613
-1.0047955513000488
-1.1021008491516113
-0.9902997016906738
-1.1930127143859863
-0.9918255805969238
-1.2197766304016113
-1.0431256294250488
-1.3813824653625488
-1.2190899848937988
-1.1430401802062988
-1.0384106636047363
-0.9044537544250488
-0.8636212348937988
-0.9005169868469238
-1.2916150093078613
-0.8360180854797363
-0.8972821235656738
-0.8744549751281738
-1.2372021675109863
-0.8567395210266113
-1.2096295356750488
-0.7611432075500488
-0.8457226753234863
-0.9856915473937988
-0.8067059516906738
-0.7406811714172363
-0.7529797554016113
-1.1412396430969238
-1.1100811958312988
-1.0840954780578613
-1.0671429634094238
-0.9842572212219238
-1.0693097114562988
-0.9984173774719238
-1.0906414985656738
-0.9927716255187988
-1.1177411079406738
-0.9971203804016113
-1.1211743354797363
-1.0049786567687988
-1.1418957710266113
-1.0308575630187988
-1.1575970649719238
-1.0514569282531738
-1.1529889106750488
-1.0713543891906738
-1.1544537544250488
-1.0968976020812988
-1.1714978218078613
-1.2376599311828613
-1.1197552680969238
-1.2862286567687988
-1.2866406440734863
-1.0298047065734863
-1.1365246772766113
-0.9762616157531738
-0.9750256538391113
-0.9710125923156738
-0.9713940620422363
-1.0153393745422363
-0.9813580513000488
