-4415.42869686515
-4415.460273021767
-4415.478087657997
-4415.396323436806
-4415.38415264518
-4415.378541225502
-4415.367045635292
-4415.429238552162
-4415.363064998695
-4415.409651989052
-4415.3632614556045
-4415.366786235878
-4415.37244724662
-4415.380835765907
-4415.498109096596
-4415.51760601432
-4415.546313518593
-4415.476468319008
-4415.469899410316
-4415.144343608925
-4415.579808467934
-4415.179614299843
-4414.928134197304
-4415.21517872245
-4415.582999462196
-4415.577410930702
-4414.923115963051
-4415.572144741127
-4415.172265285561
-4415.56710361869
-4415.133937114784
-4414.990540737221
-4415.416985744545
-4415.388661617348
-4415.436610454628
-4415.560200923988
-4415.565171474525
-4415.57232212455
-4415.581361049721
-4415.54750370414
-4415.614390605995
-4415.1150276604385
-4415.077006572792
-4414.965272182533
-4415.659781688759
-4414.88394283683
-4415.6886722985
-4415.391576046059
-4415.3889172020645
-4415.386723751137
-4415.693413967201
-4415.385012859413
-4415.688151592323
-4414.872805828163
-4415.475304836342
-4415.209130519936
-4414.948565715858
-4415.458888286659
-4415.092974895546
-4415.428580516884
-4415.514380687782
-4415.418503994057
-4415.469603771278
-4415.61217998893
-4415.6694920006485
-4415.199782604286
-4415.158375972816
-4415.117943996498
-4415.079842800209
-4415.325947994301
-4415.736706966469
-4415.755671733925
-4415.776355022499
-4415.589562648842
-4415.54033207328
-4415.81153797538
-4415.576024288246
-4415.528031581947
-4415.551823848793
-4415.475016826698
-4414.868735546181
-4415.722771877357
-4415.509108776161
-4415.292254680702
-4415.167758220741
-4415.128373378822
-4415.089631313393
-4415.471978420326
-4415.449492687294
-4415.45428394706
-4415.47214054496
-4415.671433681557
-4415.754882091591
-4415.667638057777
-4415.516722911903
-4415.561888927528
-4415.648272747108
-4414.830285305092
-4415.926923030922
-4415.645426982948
-4414.820853466103
-4415.621566051552
-4414.842200512001
-4415.520062679359
-4415.472655529091
-4415.559260601112
-4415.012522930214
-4415.710595363686
-4415.652091259071
-4415.653756374428
-4415.498545879433
-4414.973021740028
-4415.008794063637
-4414.905091518471
-4414.938163036415
-4414.97241901786
-4415.008691066811
-4414.872065776894
-4414.904471630165
-4414.93729137809
-4414.971970790932
-4414.871751064369
-4414.903489345619
-4415.368163341591
-4415.352158779213
-4415.32142948539
-4415.314301723549
-4415.2947723808975
-4415.205798381874
-4415.162904018471
-4415.732354396889
-4415.621718639442
-4415.668088192055
-4415.728469127724
-4414.855820888588
-4415.7549774590225
-4415.719781154701
-4414.830090755531
-4415.792531246254
-4415.774880642006
-4414.818854564735
-4415.658564800331
-4415.717744106361
-4415.949130291054
-4414.84058308036
-4415.914170497963
-4415.873765224525
-4415.8883507195205
-4414.945309871742
-4415.200370067665
-4415.242945903847
-4415.040461772987
-4415.248667949745
-4415.206639522621
-4415.165419811317
-4414.966799968788
-4415.329470867226
-4415.735266918251
-4415.642215007851
-4414.896426433632
-4415.519694561073
-4415.582553142616
-4414.767855876991
-4415.553744548866
-4415.490529293129
-4414.737315410683
-4414.681493038246
-4414.681910747597
-4414.956500286171
-4414.68392872245
-4415.239106411049
-4415.243687862465
-4415.701472515175
-4415.696225399086
-4415.039464229652
-4415.07667469413
-4415.115657085487
-4415.155749553749
-4415.744311565468
-4415.73643993766
-4415.727175945351
-4415.021243328163
-4415.258713954994
-4415.780884975502
-4415.760228389809
-4415.002627605507
-4415.8184902611465
-4415.798232311317
-4415.350745433876
-4415.847495311806
-4415.8402397576065
-4415.835290187904
-4415.390637630531
-4415.164529079506
-4415.041205638954
-4415.427842372963
-4415.104291194984
-4415.167639965126
-4415.2735111656875
-4415.318804973671
-4415.783679241249
-4415.901793712685
-4414.804112667152
-4414.802203411171
-4414.801087612221
-4414.800486797401
-4415.706549877235
-4416.062741512367
-4416.016913646767
-4416.029132122108
-4414.864836925575
-4415.2391083183975
-4415.453217739174
-4415.490714305946
-4415.892316097328
-4415.900458568642
-4415.809560054848
-4414.918465847084
-4415.565493816444
-4415.607661480019
-4415.01303028495
-4415.482304805824
-4415.802254909584
-4415.705107921669
-4415.337043041298
-4415.165101284096
-4414.797387355873
-4415.69688915641
-4415.396355861732
-4415.6205284538955
-4415.634686702797
-4415.554803127357
-4415.265021556923
-4414.660168880531
-4415.469798320839
-4415.43140339286
-4415.094729656288
-4415.244553798744
-4415.258191341469
-4414.626986736366
-4414.872088665077
-4415.199115032265
-4415.209548229286
-4414.653304332802
-4414.756642574379
-4415.612813228676
-4415.592999691078
-4415.663804287025
-4415.623749965736
-4415.011195415565
-4415.1626560631485
-4415.657807582924
-4415.26509594352
-4415.763640636513
-4415.7312748375625
-4415.402238124916
-4414.9091026726455
-4415.5012791100235
-4415.881150478432
-4415.442380184242
-4415.208699459145
-4415.8683521691055
-4415.978352779457
-4416.015219921181
-4415.953702205727
-4415.006789440224
-4415.989835018227
-4415.6365120354385
-4416.086455577919
-4415.829367870399
-4415.03606342704
-4415.640919918129
-4415.619693035194
-4414.8578541222305
-4415.229745143959
-4415.826955074379
-4415.388140911171
-4415.435895198891
-4415.484275096962
-4414.832778209755
-4415.820264095375
-4416.0012581291885
-4416.279885524818
-4415.815736049721
-4414.805548900673
-4414.803836101601
-4414.802769893715
-4414.802216762611
-4415.754014247963
-4416.182299846718
-4416.0957405510635
-4416.137116664955
-4416.041106456825
-4414.8203136864395
-4415.407336467812
-4415.532878154823
-4414.842070812294
-4415.598794216225
-4415.115676158974
-4415.878178829262
-4415.606602901527
-4415.739730114052
-4414.965842479774
-4415.6248466912
-4415.8164226952285
-4414.979312175819
-4415.56230472953
-4415.049756282875
-4415.6099579277725
-4415.382811779091
-4415.206513637611
-4414.771912807533
-4415.456000560829
-4415.5861980858535
-4415.638051265785
-4415.414092296669
-4415.598635906288
-4415.534463161537
-4414.642794841835
-4415.195348018715
-4414.592360729286
-4414.588259929726
-4414.586245769569
-4415.193923229286
-4415.219458812782
-4414.59909366996
-4414.827195400307
-4414.647073024818
-4414.672459835121
-4414.69582867057
-4414.720050090858
-4415.6019375267715
-4415.591967815468
-4414.9663650933
-4415.151177639076
-4414.919005626747
-4415.665042156288
-4415.363232845375
-4415.808125728676
-4415.434281581947
-4415.743018383095
-4415.962474102089
-4415.612611049721
-4416.053965801308
-4415.44514583976
-4415.300570720741
-4415.940564388344
-4416.033450359413
-4416.099025005409
-4415.1262371483535
-4414.891835445473
-4415.927859539101
-4415.04401516349
-4414.907332653114
-4415.918992275307
-4415.834548229286
-4416.224507564613
-4416.245572322914
-4415.956210369179
-4416.142924541542
-4416.231818431923
-4416.21675609977
-4416.204776043007
-4414.860217327187
-4415.758832210609
-4416.326617473671
-4416.362223857948
-4415.432044262001
-4415.478659862587
-4415.573020214149
-4416.081818813393
-4415.833037609169
-4415.822076076576
-4415.807822460243
-4416.29151844413
-4416.275761837074
-4416.260106319496
-4416.025773281166
-4416.2707893791885
-4416.163954967567
-4416.097924465248
-4415.664178127357
-4415.678424114296
-4414.844594234535
-4415.156771892616
-4415.649401897499
-4415.906159633705
-4415.824654811928
-4415.004119152138
-4415.852481121132
-4415.016360515663
-4415.58133434684
-4415.600316280434
-4415.765767330238
-4415.087825054237
-4415.814748043129
-4415.738099330971
-4415.384022945473
-4415.338729137489
-4415.293557399818
-4415.620906108925
-4415.791510814735
-4415.707692379066
-4415.740855449745
-4415.608187908241
-4415.55260967643
-4415.482888454506
-4415.465295070717
-4415.21025394828
-4414.572135204384
-4414.566979641029
-4415.237536663124
-4415.278281444618
-4414.56446766288
-4415.187506908485
-4415.2273323479385
-4415.156699413368
-4415.161269420692
-4415.166808361122
-4414.59122585685
-4414.760106319496
-4415.532138103554
-4415.031357997963
-4415.066800350258
-4415.351207012245
-4415.795729869911
-4415.906829113075
-4415.793870204994
-4414.84585689933
-4416.121161693642
-4416.0399563256
-4416.054639095375
-4415.700579876015
-4415.803017849037
-4415.996495479652
-4415.085740322182
-4415.993096584389
-4415.958220714638
-4415.845742458412
-4414.948685878822
-4414.955056423256
-4416.096474880287
-4416.013388866493
-4416.134661907265
-4415.025389904091
-4415.812655681679
-4416.23607754142
-4415.824315303871
-4416.0973923149795
-4414.8367073479385
-4416.458804363319
-4415.401608699867
-4415.747353786537
-4416.122102016518
-4416.104878658363
-4416.372397655556
-4416.353429073402
-4416.333852047035
-4414.827195400307
-4415.707093471596
-4415.934090847084
-4415.661174053261
-4415.12089847953
-4415.796416515419
-4415.784846538612
-4415.688111538002
-4415.746859783241
-4415.800006145546
-4415.721221202919
-4415.75196766288
-4415.223536724159
-4415.346898311684
-4415.385216945717
-4414.55422710807
-4414.857239955971
-4415.147052043983
-4415.17025684745
-4414.567010158607
-4415.525246852943
-4415.518590206215
-4415.512875789711
-4415.590419048378
-4415.6503136101455
-4414.969695324013
-4415.151877636024
-4415.410159343788
-4415.827746624062
-4415.635445827553
-4416.069094890663
-4415.846165889809
-4415.706002468178
-4416.21296047599
-4416.32193111808
-4415.942349666664
-4415.969281429359
-4416.000270122597
-4414.970872158119
-4416.06180309684
-4414.8936130943985
-4416.10419964225
-4415.042874569008
-4414.866273159096
-4416.23286938102
-4415.761367076942
-4416.4557335320205
-4416.32823681266
-4416.117533916542
-4415.773072475502
-4414.839780086586
-4415.30697559745
-4415.773608440468
-4415.556908840248
-4415.594216579506
-4415.630656475136
-4415.666499370644
-4415.785186046669
-4416.431338543007
-4416.406893962929
-4416.3812916222305
-4416.003833049843
-4415.667557949135
-4414.853537792274
-4414.877310985634
-4415.761452907631
-4415.779155010292
-4415.057437175819
-4415.7796928826065
-4415.772389644691
-4415.254079097816
-4414.696742290565
-4414.670930141518
-4415.69164394767
-4415.70230221183
-4415.730242961952
-4415.418561214516
-4415.468375438759
-4415.490226024696
-4415.075194591591
-4415.2699062767715
-4415.3417770806045
-4415.000466579506
-4414.538445705482
-4415.140212291786
-4415.144593471596
-4415.158292049477
-4415.167655223915
-4414.761960262367
-4415.510539287636
-4415.5631554070205
-4415.202111476967
-4415.73214268119
-4415.354411357948
-4415.795180553505
-4414.868556255409
-4415.723748439857
-4415.983971828529
-4415.810649150917
-4415.812127346107
-4415.925158733437
-4415.950394863197
-4415.660928005287
-4415.608380550453
-4415.453107112953
-4416.186785930702
-4416.204306835243
-4416.224370235512
-4415.97649311454
-4415.917378658363
-4414.842995876381
-4416.372157329628
-4415.974341625282
-4414.857054943153
-4415.960244411537
-4414.87244724662
-4416.39814495475
-4414.8699314537735
-4415.125685924599
-4416.274054760048
-4415.2565147820205
-4415.563451046059
-4415.66127323539
-4416.2083103600235
-4415.913457149574
-4414.86042141349
-4415.521323436806
-4415.476222271034
-4415.431784862587
-4415.687865490028
-4415.81580662162
-4415.777470821449
-4415.709935421059
-4415.2074634972305
-4414.913031810829
-4414.554543727943
-4414.7509205284805
-4415.549138301918
-4415.513264888832
-4415.613854641029
-4415.682013744423
-4415.215245479652
-4415.3693859520645
-4415.642379039833
-4415.948193782875
-4415.801596874306
-4414.811908001015
-4416.209773296425
-4414.813075298378
-4415.959050411293
-4415.360999340126
-4415.921488994667
-4415.951796764442
-4414.856374019691
-4414.872027629921
-4414.96291851432
-4416.476617092201
-4416.517958873817
-4415.376124614784
-4416.159476512978
-4415.453316921303
-4415.505149120399
-4415.9609177056045
-4415.520945781776
-4415.54591297538
-4415.507783168861
-4415.44849323661
-4414.869261974403
-4414.941609615395
-4414.844086879799
-4415.0619347038955
-4415.717890972206
-4415.742440456459
-4415.677815670082
-4415.77922748954
-4415.564793819496
-4414.597951168129
-4415.718665355751
-4415.681275600502
-4415.401683086464
-4415.583096736977
-4415.601178402016
-4415.264903301308
-4415.237683528969
-4415.350669139931
-4415.183150524208
-4415.2868092003555
-4414.8955662193985
-4414.813037151405
-4414.718047374794
-4415.543563121864
-4415.516478771278
-4415.620677227089
-4415.690224880287
-4415.0000946465225
-4415.603907817909
-4415.38539432914
-4415.73369144828
-4414.833897823402
-4415.90001415641
-4414.80940365226
-4416.308617824623
-4416.001260036537
-4415.7202007714
-4415.668292278358
-4415.615880245277
-4415.563618892738
-4415.982253307411
-4416.059392208168
-4416.461436504433
-4415.963494533607
-4415.069648021767
-4415.034981960365
-4414.909205669472
-4416.362557643959
-4415.931498760292
-4415.413039440224
-4415.439790004799
-4415.426169628212
-4414.900704616615
-4415.058358425209
-4414.94520115287
-4415.004847759315
-4415.0342743340225
-4414.816956752846
-4415.703109020302
-4415.766005748817
-4415.5527355614395
-4415.512328380653
-4415.728310817787
-4415.854630703041
-4414.622967952797
-4414.573241466591
-4415.55785488517
-4415.601081127235
-4414.547574276039
-4415.274325603554
-4415.40425609977
-4415.140038723061
-4415.198966259071
-4414.585744136879
-4414.68907665641
-4415.540057415077
-4415.698798412392
-4415.086163753578
-4415.1241753044815
-4415.163815731117
-4415.606477016518
-4414.892791027138
-4414.842051738808
-4415.783955806801
-4414.829447979042
-4415.9535934868545
-4416.452597850868
-4414.823079341957
-4416.361506694862
-4416.383710140297
-4416.435370678017
-4415.969502681801
-4416.538878673622
-4416.0380661431045
-4416.086745494911
-4415.0076267662735
-4414.912766689369
-4414.934548610756
-4414.985768550941
-4415.148261303017
-4414.731694454262
-4414.704083675453
-4415.423278087685
-4415.682120555946
-4415.877640956947
-4415.754792446205
-4414.596966976234
-4415.422902340004
-4415.529565090248
-4415.597048992226
-4415.3137371483535
-4415.4574997368545
-4414.525431865761
-4414.838122600624
-4415.618449443886
-4415.573220485756
-4414.969720119545
-4415.494788402626
-4415.62452625663
-4415.924195522377
-4416.015094036171
-4414.816117519447
-4416.011960262367
-4414.818925136635
-4416.152816051552
-4415.970504039833
-4416.348105663368
-4416.54613613517
-4416.590106243202
-4416.588870281288
-4415.155993694374
-4415.11929439933
-4415.084216350624
-4414.9367687645645
-4415.015115017006
-4414.983609432289
-4414.954243892738
-4415.412904018471
-4415.3710949364395
-4414.947394603798
-4414.971457714149
-4414.996617549965
-4415.081008190224
-4415.22915768058
-4415.636578792641
-4415.510253185341
-4414.540343517372
-4415.174582714149
-4415.031367534706
-4414.52580952079
-4415.150971645424
-4415.221789592812
-4414.80181431205
-4414.578269237587
-4414.714947933266
-4415.596745723793
-4415.053235286781
-4415.720265621254
-4416.243079418251
-4416.029845470497
-4416.00240063102
-4415.874263042519
-4415.82779049308
-4415.7793552818985
-4414.832387203285
-4415.983237499306
-4415.988444561073
-4416.616338008949
-4415.381783718178
-4416.101432079384
-4414.993186229774
-4415.178702587196
-4415.40738033683
-4415.378789180824
-4414.985270732948
-4415.288964504311
-4415.061854595253
-4415.197509044716
-4414.767216915199
-4414.737426036903
-4415.629323238441
-4415.755101436684
-4415.788022274086
-4415.816945308754
-4415.842232936928
-4415.589883083412
-4415.558221096107
-4415.525660747597
-4415.575160259315
-4415.440737957069
-4415.348994487831
-4415.340090984413
-4415.2903416100235
-4415.416856044838
-4415.322667354652
-4415.285754436562
-4415.248481029579
-4415.210894817421
-4414.533471340248
-4414.529696697304
-4414.920800441811
-4415.164441341469
-4415.284709209511
-4414.5563194695205
-4415.581963771889
-4415.7607796135635
-4415.432326549599
-4414.932698482582
-4415.7442142906875
-4415.791930431435
-4415.89178394706
-4416.250399822304
-4415.96756481559
-4414.833279842445
-4416.523469204018
-4415.726916545937
-4416.678424114296
-4415.531974071571
-4414.863147014687
-4415.101399654457
-4414.992161983559
-4415.003840679237
-4415.002858394691
-4415.002156490395
-4415.410283321449
-4415.075007671425
-4414.897650951454
-4415.276343578407
-4415.399811977455
-4415.483126873085
-4415.464652294228
-4415.545911068031
-4415.54613613517
-4415.5226490441055
-4414.680260891029
-4415.648860210487
-4415.832839244911
-4415.506251567909
-4415.57477688224
-4415.403523677895
-4415.504433864662
-4415.590771907875
-4415.211758846352
-4415.154460186073
-4415.492398494789
-4415.020667308876
-4415.360335582802
-4415.26803898246
-4414.984156841347
-4414.538581127235
-4415.14016460807
-4415.000933879921
-4415.1710293236465
-4415.181809658119
-4415.209483379433
-4415.225686306068
-4414.807856792519
-4414.61139797599
-4414.704739803383
-4415.6379558983535
-4415.589280361244
-4415.745280498573
-4415.834090465614
-4415.097342723915
-4415.30775761039
-4416.012303585121
-4414.927956813881
-4416.0924732628555
-4416.173362011024
-4414.862756008217
-4414.852008098671
-4415.722607845375
-4414.856980556557
-4416.670363658974
-4415.045319789955
-4415.041800731728
-4415.415036434242
-4415.449645275185
-4415.383145565102
-4415.2649090233535
-4415.4841473046035
-4415.626181835243
-4415.442694896767
-4415.400061840126
-4415.470750087807
-4415.348952526161
-4415.357579464027
-4415.368727916786
-4414.9856903496475
-4414.5537483635635
-4414.548487896034
-4414.914563411781
-4414.545048946449
-4415.376357311317
-4415.207844966957
-4415.379647487709
-4415.197877163002
-4414.559828991005
-4414.847554439613
-4415.074866527626
-4414.593030208656
-4414.760056728432
-4415.71011471183
-4415.814898723671
-4416.104636425087
-4416.117058986732
-4416.132596248695
-4416.151168102333
-4415.943558925697
-4416.379904979774
-4416.241011852333
-4416.419591182777
-4416.279870266029
-4414.854516262123
-4416.307664150307
-4416.320990795204
-4416.584313625404
-4416.6145183983535
-4416.324111217567
-4416.6070854607315
-4414.866091960976
-4416.356023067543
-4416.500178569862
-4415.971354717323
-4416.647759670326
-4415.491458171913
-4414.911484951088
-4415.311162227699
-4415.268155330727
-4415.010562175819
-4415.198624843666
-4415.089381450722
-4415.084393734047
-4415.296258205482
-4415.221347087929
-4415.257355922768
-4414.839852565834
-4414.806765789101
-4415.367520565102
-4415.334666484901
-4415.151721233437
-4414.617232555458
-4415.095025295326
-4415.0402996483535
-4415.4863445702285
-4414.987372631142
-4415.279086345741
-4415.245570415565
-4415.484156841347
-4414.864657634804
-4415.017472499916
-4414.800637477943
-4414.783570522377
-4414.768166774818
-4414.593772167274
-4414.79754566581
-4415.095124477455
-4414.797589534828
-4415.6545994225235
-4415.646125072548
-4415.742844814369
-4415.043225521156
-4415.937819713661
-4415.948209041664
-4415.961320156166
-4415.977057689735
-4415.719548458168
-4416.1999885979385
-4416.29697346122
-4414.896058315346
-4414.884541744301
-4416.003520244667
-4416.174582714149
-4416.480477565834
-4416.47628330619
-4416.112031215736
-4414.86912655265
-4416.124488109657
-4414.876250499794
-4415.9239799919815
-4415.740149730751
-4415.850121730873
-4415.621768230507
-4415.726784938881
-4415.537724727699
-4415.410060161659
-4415.279061550209
-4415.1345016899795
-4415.127883190224
-4415.266497844765
-4415.2989799919815
-4415.3846828881
-4415.239558452675
-4415.370156520912
-4414.8621342125625
-4415.30305599601
-4415.061974758217
-4415.11484455497
-4414.741582149574
-4414.904959911415
-4414.7241795006485
-4414.596806758949
-4414.707974666664
-4414.667454952309
-4414.686143154213
-4414.703526729652
-4414.721398586342
-4414.9661953392715
-4415.6647961083145
-4415.842370266029
-4415.836880916664
-4415.872058147499
-4415.221072429726
-4415.405081981728
-4415.882207149574
-4415.99543880851
-4416.045941585609
-4414.9904949608535
-4415.879998439857
-4415.922393077919
-4416.077094310829
-4416.021569484779
-4416.050454372475
-4416.08678936393
-4414.8889172020645
-4415.74486660392
-4415.649686092445
-4415.577527278969
-4415.460095638344
-4415.329529995033
-4415.252812618324
-4415.180741542885
-4415.172402614662
-4415.367667430946
-4415.29033207328
-4415.196475261757
-4415.309718364784
-4415.338181728432
-4415.383456462929
-4415.35676693351
-4414.593762630531
-4415.101891750404
-4414.588641399452
-4415.1019375267715
-4415.067639583656
-4415.171836132118
-4414.742030376503
-4415.230138057777
-4415.395777935097
-4415.3844444695205
-4414.964598888466
-4414.760325664589
-4414.9520657006
-4414.797007793495
-4414.770461315224
-4414.742839092323
-4415.699527019569
-4415.497939342567
-4416.092856639931
-4415.832595104286
-4415.956691021034
-4416.181988948891
-4415.850562328407
-4415.987229579994
-4415.891024822304
-4415.8448002281875
-4415.7967979851455
-4415.747962230751
-4415.959317440102
-4415.744397396156
-4414.90620922477
-4415.987132305214
-4415.992306942055
-4415.968581432411
-4415.767907375404
-4414.91430019767
-4415.914056057045
-4415.786303752968
-4415.639518016884
-4415.662329906532
-4415.607733959267
-4415.507014507362
-4415.467168087074
-4415.425542110512
-4415.22839092643
-4415.216716045448
-4415.088143581459
-4415.350165599892
-4415.3737957421035
-4414.7753136101455
-4414.703482860634
-4414.622597927162
-4414.784718746254
-4415.051387065956
-4415.2747166100235
-4414.605109447548
-4415.208018535683
-4415.127841228554
-4414.611718410561
-4414.9534275475235
-4415.2577927056045
-4415.272902721474
-4415.290330165932
-4414.673272365639
-4414.880864376137
-4414.915827983925
-4414.800023311684
-4414.630713695595
-4414.907071346352
-4414.75959896476
-4414.733983272621
-4414.707371944496
-4415.703704113075
-4415.710166210243
-4415.719344371864
-4415.731316799232
-4415.737124675819
-4415.593964809486
-4416.230494731972
-4415.963467830727
-4415.64055561454
-4415.843526119301
-4415.487694973061
-4415.491553539345
-4415.496478313515
-4415.983269924232
-4415.552649730751
-4414.956261867592
-4415.033377880165
-4415.514281505653
-4415.078191036293
-4415.101725811073
-4415.380973095009
-4415.272485012123
-4415.259370082924
-4415.3278610649795
-4415.342040294716
-4414.973492855141
-4415.278043026039
-4415.293263668129
-4415.310738796303
-4414.657878154823
-4414.652747387001
-4415.233504528114
-4415.152112239906
-4414.863368267128
-4415.704638713905
-4415.705415004799
-4415.816540950844
-4415.763509029457
-4415.929955715248
-4415.822476619789
-4415.869715923378
-4415.204547161171
-4415.100789302895
-4415.973946804115
-4416.263026470253
-4415.585671657631
-4415.533742183754
-4415.481663936684
-4415.430886501381
-4415.049050563881
-4415.792639965126
-4414.978303188393
-4415.350901836464
-4414.967169994423
-4415.407469982216
-4415.046101802895
-4415.162686580727
-4415.44165729911
-4415.276406520912
-4415.312094921181
-4415.307120555946
-4415.302861446449
-4415.299582714149
-4415.270951503822
-4415.363137477943
-4415.330855602333
-4415.327853435585
-4415.162154430458
-4414.684205288002
-4414.797635311195
-4414.696648830482
-4415.187237972328
-4414.984881633827
-4415.29774021537
-4415.313102001259
-4415.330470317909
-4414.644387477943
-4414.680882686684
-4414.710675472328
-4414.90936207206
-4415.0961925926895
-4414.578978771278
-4414.918414348671
-4414.588910335609
-4415.62763714225
-4415.651843303749
-4415.6659386101455
-4415.722138637611
-4415.960849041054
-4415.907727474281
-4415.242964977333
-4416.240403408119
-4415.1378624382705
-4415.082335704872
-4415.914071315834
-4415.956454509804
-4415.022502178261
-4415.263354534218
-4414.998408550331
-4415.59070896537
-4415.200185054848
-4415.396825069496
-4415.330607647011
-4415.181140178749
-4415.398896450111
-4415.302949184486
-4415.030335659096
-4414.976609462807
-4414.925626033852
-4414.87691234977
-4415.204760784218
-4415.286082500526
-4415.424384349892
-4414.994212383339
-4414.9908745232315
-4415.332154506752
-4414.710271114418
-4415.041646236488
-4415.2755577507705
-4414.738753551552
-4415.041840786049
-4415.596806758949
-4415.605029338905
-4415.6280033531875
-4415.726544612953
-4415.681672329018
-4416.046155208656
-4416.008553737709
-4415.864854091713
-4416.137990230629
-4415.482341045448
-4415.289393657753
-4415.943125957558
-4415.690715068886
-4415.282651180336
-4416.268668407509
-4415.176938289711
-4415.91340755851
-4415.117440456459
-4415.954898113319
-4415.056269878456
-4415.173192256996
-4415.030843013832
-4415.225875133583
-4415.607442134926
-4415.592902416298
-4415.237366909096
-4415.253146404335
-4415.326197856972
-4415.246869319984
-4415.111094707558
-4415.345813030312
-4415.312615627357
-4415.2338726464
-4415.098363155434
-4415.3377983513565
-4415.295342678139
-4415.215329402992
-4415.077334636757
-4415.352193111488
-4415.371785396645
-4415.401059383461
-4415.160424465248
-4415.385377163002
-4415.351113552162
-4415.196789974281
-4414.908190959999
-4415.207755321571
-4414.827237361977
-4414.731547588417
-4414.748715633461
-4414.708937877724
-4415.225323909828
-4414.653594249794
-4414.724810833046
-4414.993018383095
-4415.378855938026
-4414.787766689369
-4414.904746288368
-4415.21823429496
-4414.745295757362
-4415.139672512123
-4414.675505870888
-4414.544854396889
-4414.550891155312
-4414.635825389931
-4414.612908596107
-4415.994103664467
-4415.823453182289
-4416.090752834389
-4416.056252712318
-4415.483124965736
-4415.883330577919
-4416.179984325478
-4415.975747341225
-4415.078580135414
-4415.3235809746475
-4415.216731304237
-4415.974723095009
-4415.154624218056
-4415.077759975502
-4415.065438503334
-4415.593421215126
-4415.157874340126
-4415.575780147621
-4415.273280376503
-4415.343304866859
-4415.428275341103
-4415.339991802284
-4415.2957127037735
-4415.221579784462
-4415.165311092445
-4415.184893840858
-4415.204190486977
-4415.180314296791
-4415.352439159462
-4415.081248516151
-4414.82632564933
-4414.753754848549
-4414.746133083412
-4414.678509944984
-4415.3175785485
-4415.419005626747
-4415.174283260414
-4414.62412189872
-4415.088214153358
-4414.9178554955215
-4414.9990246239395
-4414.56424450309
-4414.540448421547
-4414.916115993568
-4414.827634090492
-4414.721266979286
-4415.5566208306045
-4415.609681362221
-4416.038661235878
-4415.433305019447
-4416.135367626259
-4415.9812023583145
-4415.881251567909
-4415.816561931679
-4415.945357555458
-4415.968711132118
-4415.062930339882
-4415.110642665932
-4415.129985088417
-4415.22193073661
-4415.245272869179
-4415.267640346596
-4415.288354152748
-4415.614102596352
-4415.332484478065
-4415.131289714882
-4415.330144161293
-4415.330643886635
-4415.307648891518
-4415.209538692543
-4415.137566799232
-4415.311381572792
-4415.333359951088
-4415.03145908744
-4415.199881786415
-4414.745408290932
-4414.795026058266
-4415.340352291176
-4415.419783824989
-4414.647870296547
-4415.007176631996
-4414.821839565346
-4414.597373241493
-4414.887704128334
-4414.90293049247
-4414.917828792641
-4414.932894939491
-4415.294160121986
-4414.818503612587
-4414.722720378944
-4414.633080715248
-4414.848788494179
-4414.528935665199
-4414.606671566078
-4415.563409084389
-4415.122437709877
-4416.124711269447
-4416.247319454262
-4416.313710445473
-4414.9800541344375
-4415.8119919243545
-4414.983163112709
-4415.030696147987
-4415.153594249794
-4415.5497276726455
-4415.520375484535
-4415.322213405678
-4415.236445659706
-4415.169305080482
-4415.3854210320205
-4415.302155727455
-4415.008469814369
-4415.231066936562
-4415.177375072548
-4414.983340496132
-4415.324050182411
-4415.025723690102
-4415.0965263787
-4415.236445659706
-4415.319609874794
-4414.969018215248
-4415.09588550956
-4415.090605968544
-4415.323111766884
-4414.914763683388
-4414.974648708412
-4414.923285717079
-4414.619578594276
-4414.871880764076
-4415.021620983192
-4414.83798908622
-4414.741832012245
-4415.090956920692
-4414.865676158974
-4414.534537548134
-4415.249995464394
-4415.20710110099
-4415.164944881508
-4415.124690288612
-4415.00796627433
-4416.028399700233
-4415.792973751137
-4414.94849323661
-4415.603642696449
-4415.808148616859
-4414.953814739296
-4415.321280712196
-4415.08667683036
-4415.188199276039
-4415.573216671059
-4415.32134556205
-4415.258010143349
-4415.332516902992
-4415.047415966103
-4414.959420436928
-4415.102458232948
-4414.866482967445
-4414.853564495155
-4414.829974407265
-4414.819426769325
-4415.049481624672
-4414.8358547631
-4414.911708110878
-4415.214944118568
-4414.9556610527725
-4415.257367366859
-4415.070426220009
-4415.140549892494
-4414.8898155632705
-4414.788480037758
-4414.882270092079
-4414.876225704262
-4414.882588619301
-4414.892056697914
-4415.35651516349
-4414.9180996361465
-4414.945792430946
-4414.751260036537
-4414.664744609901
-4414.584281200478
-4414.505484813759
-4414.5063641014785
-4414.706351512978
-4415.537383312294
-4415.616412395546
-4415.0075848046035
-4415.770144695351
-4416.042477840492
-4415.586491817543
-4415.835566753456
-4416.243815654823
-4416.16962932975
-4414.919593090126
-4416.315720790932
-4414.920478099892
-4414.922744030067
-4415.267499202797
-4415.252509349892
-4415.097522014687
-4415.24288486869
-4415.258586162636
-4415.380973095009
-4415.314276928017
-4415.365166896889
-4415.46579288871
-4415.4562790337295
-4415.277566188881
-4415.205113643715
-4414.913369411537
-4414.824269527504
-4414.758233303139
-4414.959046596596
-4414.995087856361
-4415.305440181801
-4415.062258953163
-4415.087825054237
-4414.921796077797
-4415.330983394691
-4415.305869335243
-4415.269244426796
-4414.933697933266
-4415.006926769325
-4414.965813869545
-4415.014655345985
-4414.67801403434
-4414.610873455116
-4414.589583629677
-4414.503312343666
-4414.58081745536
-4415.657210582802
-4415.2920505943985
-4414.950452083656
-4414.920415157387
-4416.340687984535
-4416.12320064933
-4416.0445072594375
-4415.970420116493
-4415.0156052056045
-4415.295054668495
-4415.325434917519
-4415.383931392738
-4415.597710842201
-4415.396594280312
-4415.521489376137
-4415.226678127357
-4415.419516796181
-4414.9341766777725
-4414.894513362953
-4414.867915386269
-4414.7117645683975
-4414.883982891151
-4414.724988216469
-4414.962521785805
-4415.057385677406
-4415.001042598793
-4415.080289119789
-4415.221457714149
-4414.979470485756
-4414.969323391029
-4414.720544094154
-4415.279664272377
-4415.329386943886
-4415.328852886269
-4415.323748821327
-4415.288789028236
-4414.961186641762
-4415.136321300575
-4415.29694485099
-4415.046256298134
-4414.956078762123
-4415.151599163124
-4414.630528682777
-4414.596822017738
-4414.535744899818
-4414.500138515541
-4414.61901592643
-4414.528189891884
-4415.513509029457
-4415.572274440834
-4415.557584041664
-4415.667897457191
-4415.611592525551
-4415.3841278496475
-4415.993886226723
-4415.805629009315
-4416.101607555458
-4414.893487209389
-4415.871999019691
-4416.209176296303
-4416.364598506996
-4415.9359428826065
-4415.383651012489
-4415.367436641762
-4415.395894283363
-4415.554442638466
-4415.567206615517
-4415.125556224892
-4415.288693660805
-4414.874640697548
-4414.993901485512
-4414.9179699364395
-4414.727793926308
-4414.841931575844
-4414.800923580238
-4414.6713306847305
-4414.682160610268
-4414.704034084389
-4415.08546375663
-4414.897515529701
-4414.985928768227
-4415.115435833046
-4415.0772221031875
-4414.998040432045
-4414.94764255912
-4415.04591297538
-4414.992179149696
-4415.183568233559
-4414.827153438637
-4415.311606639931
-4415.317931407997
-4414.960400814125
-4415.184581035683
-4414.98154377372
-4414.578288311073
-4415.197163814613
-4414.899502986977
-4414.742125743935
-4414.608458751747
-4414.556803936073
-4414.5351726952285
-4414.740105861732
-4414.516146892616
-4415.52292179496
-4415.593302959511
-4415.249110454628
-4415.689259761879
-4414.924664730141
-4416.360976451942
-4416.257306331703
-4414.871939891884
-4416.08423542411
-4415.56563877494
-4415.423588985512
-4415.4717533531875
-4415.488480800697
-4415.354937786171
-4415.247504467079
-4414.821017498085
-4414.924824947426
-4414.756154293129
-4414.855267757484
-4414.677653545448
-4414.777821773598
-4414.667256588051
-4414.649890178749
-4414.755154842445
-4414.64295505912
-4414.7489407006
-4414.870206111977
-4414.914729351112
-4415.064728969643
-4415.009480709145
-4415.1724216881485
-4415.106248134682
-4415.053914302895
-4415.086432689735
-4414.859992260048
-4414.9921886864395
-4414.697743648598
-4414.871388668129
-4415.205098384926
-4415.272620433876
-4414.972800487587
-4414.838404888222
-4414.572835201332
-4414.537865871498
-4414.879517788002
-4414.654530757973
-4415.50033497245
-4415.50560879142
-4415.511838192055
-4415.518765682289
-4415.641371959755
-4415.816283458778
-4414.8983242455215
-4414.8703415337295
-4415.892819637367
-4416.014710659096
-4416.071643108437
-4416.4979336205215
-4415.788033718178
-4415.947854274818
-4415.3152763787
-4415.510144466469
-4415.513320201942
-4415.500975841591
-4415.416194194862
-4414.86217998893
-4414.7022430840225
-4414.715768093178
-4414.616473430702
-4414.716578716347
-4414.895598644325
-4414.82349323661
-4415.046786541054
-4415.162341350624
-4415.101769680092
-4415.100835079262
-4415.1034233513565
-4414.870688671181
-4415.102885479042
-4414.9690525475235
-4414.5283939781875
-4414.514878505775
-4414.495627636024
-4415.505805248329
-4415.534707302162
-4415.095265621254
-4415.058820003578
-4414.844477886269
-4416.458867305824
-4416.360011333534
-4416.236109966347
-4415.549212688515
-4415.5574467125625
-4415.5312664452285
-4415.443717235634
-4415.326037639687
-4415.192509883949
-4414.718972438881
-4414.739068264076
-4414.655276531288
-4414.695094341347
-4414.755383724281
-4414.878764385292
-4415.152192348549
-4415.067286724159
-4415.101210826942
-4414.881741756508
-4414.886271709511
-4414.966048473427
-4415.147847408363
-4414.914799923012
-4414.905150646278
-4415.047724956581
-4415.065356487343
-4415.083689922401
-4415.102185482094
-4414.84354137809
-4414.9230968895645
-4414.848094219276
-4414.866515392372
-4414.87626957328
-4414.533362621376
-4414.685479396889
-4414.519370311806
-4414.610659832069
-4414.600999111244
-4414.541760677406
-4414.498900646278
-4414.498240703651
-4414.510976070473
-4415.552546733925
-4415.210200542519
-4415.803843730995
-4416.074900859901
-4415.87021564872
-4416.188750499794
-4416.576951259682
-4416.32435917289
-4414.887915844032
-4415.79994511039
-4415.810178035805
-4415.644423717567
-4415.592709774086
-4415.586430782387
-4415.391272777626
-4415.122925991127
-4415.212243312904
-4414.802827114174
-4414.744822734901
-4414.643992656776
-4414.587788814613
-4414.739785427162
-4414.776198619911
-4414.817771190712
-4414.719855541298
-4414.963467830727
-4414.8423798027725
-4415.100886577675
-4414.982335323402
-4414.893286937782
-4415.00837063224
-4414.871886486122
-4415.094352001259
-4414.818309063026
-4414.961480373451
-4414.978303188393
-4414.996829265663
-4415.016471141884
-4414.875306362221
-4414.53951000602
-4414.761742824623
-4414.823012584755
-4414.677281612465
-4414.525067562172
-4414.706748241493
-4414.606093639442
-4414.607653850624
-4415.52339672477
-4415.561827892372
-4415.252087825844
-4415.432866329262
-4415.977851146767
-4415.8178150597305
-4415.883132213661
-4416.318486446449
-4414.822615856239
-4416.127053493568
-4416.0504448357315
-4416.596585506508
-4416.668004268715
-4416.094233745644
-4415.902919048378
-4415.722733730385
-4415.707320446083
-4414.931100124428
-4415.101250881264
-4415.146096462318
-4415.19243931205
-4415.607775920937
-4415.4831554833145
-4414.979611629555
-4414.8471538964
-4414.802443737099
-4414.671773189613
-4414.616320842812
-4414.623990291664
-4414.563483470985
-4414.577370876381
-4414.644732708046
-4414.898093456337
-4414.7882378044815
-4414.997393840858
-4415.104697460243
-4415.052638286659
-4414.703114742348
-4415.072402233192
-4414.876477474281
-4414.951369518349
-4415.026068920204
-4414.736197704384
-4414.804949993202
-4414.834019893715
-4415.020962947914
-4414.7437469902725
-4414.793690914223
-4415.035762065956
-4414.843852275917
-4414.699259990761
-4414.669741863319
-4414.697705501625
-4414.602998012611
-4414.615927928993
-4414.540364498207
-4414.864207500526
-4414.65634846122
-4414.531140560219
-4415.534177059242
-4415.571250194618
-4415.98967670829
-4415.831750148842
-4415.735625499794
-4415.895560497353
-4416.331120723793
-4414.825927013466
-4416.035657161781
-4416.609969371864
-4416.177342647621
-4416.682595485756
-4416.470629924843
-4416.425944561073
-4416.384188884804
-4416.042046779701
-4415.589438671181
-4415.562468761513
-4415.287171596596
-4415.42331241996
-4415.125842327187
-4415.064492458412
-4414.733165020058
-4414.67628406913
-4414.638831371376
-4414.598429912636
-4414.554354900429
-4414.836770290443
-4414.959344142982
-4413.9985516014785
-4415.021687740395
-4415.042321437904
-4415.042178386757
-4414.679665798256
-4414.803830379555
-4414.954745525429
-4414.662661785194
-4414.636855358192
-4414.601289028236
-4414.638104671547
-4414.705420726845
-4414.542454952309
-4414.796681636879
-4414.64317821891
-4415.299100154945
-4415.845473522255
-4416.111611599037
-4414.82317280204
-4415.907214397499
-4416.225993389198
-4415.742707485268
-4415.921447032997
-4416.6158897820205
-4414.860121959755
-4416.414593929359
-4416.351258510658
-4416.291339153358
-4416.235671276161
-4415.730393642494
-4415.563023799965
-4415.583335155556
-4415.020978206703
-4415.5861618462295
-4415.551829570839
-4415.36209606559
-4415.200350994179
-4414.983407253334
-4414.790745967934
-4414.743544811317
-4414.5671188774795
-4414.5395882073135
-4414.582661861488
-4414.600638622353
-4414.627883190224
-4414.7384693566055
-4414.871880764076
-4414.969676250526
-4415.083335155556
-4415.066107982704
-4415.011708492348
-4414.512315029213
-4414.802474254677
-4414.607964748451
-4414.750384563515
-4414.953532451698
-4414.862498516151
-4414.934930080482
-4414.76545833976
-4414.718802684853
-4414.606093639442
-4414.629494899818
-4414.641459697792
-4414.529095882484
-4414.6323044243545
-4414.573008770058
-4415.557839626381
-4415.582328075478
-4415.604567760536
-4414.904931301186
-4415.483741039345
-4414.822386974403
-4415.4706203881
-4416.615805858681
-4415.469174617836
-4415.469886058876
-4414.900590175697
-4415.597914928505
-4415.603919262001
-4415.5960781517715
-4415.571028942177
-4415.325959438393
-4414.9296314659805
-4415.504344219276
-4415.358018154213
-4414.733149761269
-4414.691861385414
-4414.578099483559
-4414.584468120644
-4414.568253749916
-4414.565423244545
-4414.524577373573
-4414.570531124184
-4414.607838863441
-4414.554717296669
-4414.909047359535
-4414.848286861488
-4415.040353054115
-4414.818549388954
-4414.8597137871475
-4414.740840190956
-4414.768786663124
-4414.675177806923
-4414.690001720497
-4414.5984833183975
-4414.676333660194
-4414.580825084755
-4414.873999828407
-4414.565863842079
-4414.557019466469
-4414.70619511039
-4414.846015209267
-4414.540236705849
-4414.6564171257705
-4414.782643550941
-4414.544974559853
-4415.573357814857
-4415.578231090614
-4415.673920864174
-4414.90461849601
-4415.895291561195
-4415.4853889885635
-4415.595992321083
-4415.797263378212
-4415.447564357826
-4415.98098492057
-4416.528889888832
-4416.615782970497
-4414.901982540199
-4415.589753383705
-4415.601308101723
-4415.598674053261
-4415.323329204628
-4415.45763134391
-4415.353127712318
-4415.2707531395645
-4415.252446407387
-4415.126099819252
-4414.684733623573
-4414.633689159462
-4414.5818455162735
-4414.58938335807
-4414.51573681266
-4414.577172512123
-4414.623713726112
-4414.649911159584
-4414.681262249062
-4414.989360088417
-4415.029958004066
-4415.06805347831
-4415.020190471718
-4414.9620659294815
-4414.958676570961
-4414.626168483803
-4414.654195064613
-4414.714556926796
-4414.595299953529
-4414.551598781654
-4414.664784664223
-4414.598939174721
-4415.626712078163
-4415.683648342201
-4415.305512661049
-4414.904904598305
-4415.814833873817
-4416.008067363808
-4414.822444194862
-4415.570437664101
-4415.6225750389785
-4415.67414974601
-4415.97525143058
-4414.903685802528
-4415.321538204262
-4415.286500209877
-4415.330674404213
-4414.914178127357
-4414.909499401161
-4414.84744762809
-4414.788882488319
-4414.792458767006
-4414.590466732094
-4414.58289646537
-4414.708485836098
-4414.79006695182
-4414.933089489052
-4415.071954006264
-4414.852370494911
-4414.793114894936
-4414.56983875663
-4414.726588481972
-4414.596698040077
-4414.49923252494
-4414.782641643593
-4414.708821529457
-4414.577407116005
-4414.467375988075
-4414.608571285316
-4414.604954952309
-4415.6367561760635
-4415.681311840126
-4415.696925396034
-4415.784854168007
-4415.760379070351
-4415.894202465126
-4415.933526271889
-4416.232674831459
-4415.34642910392
-4415.837142223427
-4416.335448497841
-4416.491240734169
-4414.827067607948
-4416.0633842888565
-4416.015351528236
-4414.865086788246
-4415.262591594765
-4415.028783077309
-4415.285382503578
-4415.465844387123
-4415.376296276161
-4415.3303024712295
-4415.173266643593
-4414.980614894936
-4414.733710521767
-4414.734326595375
-4414.591048473427
-4414.519784206459
-4414.503659481117
-4414.543629879066
-4414.557416194984
-4414.603751415321
-4415.045672649452
-4414.898261303017
-4414.724110836098
-4414.6728889885635
-4414.599341625282
-4414.580708736488
-4414.649447673866
-4414.598542446205
-4414.755198711464
-4414.543797725746
-4415.64814495475
-4415.671641582558
-4415.704650157997
-4415.268470043251
-4414.93178104789
-4414.8760502281875
-4415.834862941811
-4416.003587001869
-4414.848065609047
-4415.744105571815
-4414.8228847923965
-4414.823199504921
-4416.194619411537
-4414.825034374306
-4416.4742729607315
-4415.072329753944
-4415.3845226708145
-4415.246751064369
-4415.426444286415
-4415.27748417289
-4415.029000515053
-4414.633652919838
-4414.521544689247
-4414.515504116127
-4414.510424846718
-4414.554389232704
-4414.536608928749
-4414.868731731483
-4415.094523662636
-4415.083850139687
-4414.525824779579
-4414.649140590736
-4414.5988571587295
-4414.78398441703
-4414.627513164589
-4414.6716320458145
-4414.627345317909
-4414.658568615028
-4414.738606685707
-4415.712956661293
-4415.772599453041
-4414.960595363686
-4415.59344410331
-4415.9433395806045
-4416.217892879555
-4415.842780345985
-4415.165967220375
-4415.899729961464
-4415.960494274208
-4416.311354869911
-4416.274537319252
-4415.926104778358
-4415.987426036903
-4416.085162395546
-4414.860755199501
-4415.183181041786
-4415.343907589027
-4415.38532375724
-4415.190888637611
-4415.017934078285
-4414.6759121361465
-4414.631718868324
-4414.526366466591
-4414.532010311195
-4414.518489116737
-4414.525567287514
-4414.512437099525
-4414.520465129921
-4414.507498973915
-4414.516722911903
-4414.5178024712295
-4414.533759349892
-4414.617219204018
-4414.624451870033
-4414.761883968422
-4414.851622814247
-4414.863848918983
-4414.992421382973
-4415.001231426308
-4414.680524105141
-4414.718802684853
-4414.697718853065
-4414.678141826698
-4414.617301220009
-4414.691807979652
-4414.673485988686
-4414.807570690224
-4414.6081707421035
-4415.721396678993
-4415.756400341103
-4415.194613689491
-4415.154839748451
-4415.03775143058
-4415.405795330116
-4414.874301189491
-4415.230187648842
-4415.6174690666885
-4415.9084637108535
-4416.09921955497
-4415.144110912392
-4415.806243175575
-4416.1218635979385
-4416.043164486
-4415.910493129799
-4416.280671352455
-4416.371413463661
-4415.071034664223
-4415.072602504799
-4415.075320476601
-4415.120511287758
-4415.166112178871
-4415.298106426308
-4415.4747402611465
-4415.347487682411
-4415.323369258949
-4414.669255489418
-4414.526267284462
-4414.51693653495
-4414.510712856361
-4414.505854839394
-4414.511122936317
-4414.512631649086
-4414.531899684975
-4414.583363765785
-4414.6092617455215
-4414.752495998451
-4414.840916866371
-4414.860467189857
-4414.982592815468
-4414.946677440712
-4414.794972652504
-4414.868199581215
-4414.549237484047
-4414.774089092323
-4414.715197795937
-4414.691478008339
-4414.640864605019
-4414.850758785316
-4414.90838550956
-4414.552289241859
-4414.783030742714
-4414.727704280922
-4414.510913127968
-4414.522834056923
-4414.374099010536
-4415.790869945595
-4415.856875652382
-4415.363818401405
-4415.915568584511
-4415.824612850258
-4416.152142757484
-4415.792744869301
-4415.047339672157
-4416.020888561317
-4414.849211925575
-4414.850802654335
-4414.894648784706
-4415.103263134071
-4415.337344402382
-4414.968312496254
-4414.724951976845
-4414.663392299721
-4414.573292965004
-4414.522320980141
-4414.516026729652
-4414.510970348427
-4414.507273906776
-4414.495358699867
-4414.508099788734
-4414.5464603844375
-4414.576876873085
-4414.602206462929
-4414.590173000404
-4414.743939632484
-4414.83129238517
-4414.973838085243
-4414.887253994057
-4415.033988231728
-4415.084676021645
-4415.104611629555
-4415.101109737465
-4414.731349224159
-4414.902835125038
-4414.766543621132
-4414.7323086205215
-4414.576010936806
-4414.709225887367
-4414.501467937538
-4414.4823391381
-4414.534974330971
-4414.598990673134
-4414.549582714149
-4415.18755649955
-4415.465436214516
-4415.862084621498
-4415.953503841469
-4415.923869365761
-4416.068682903358
-4415.998835796425
-4415.027831310341
-4415.949078792641
-4414.995276683876
-4415.908295864174
-4415.0011074486465
-4414.88997005851
-4415.258279079506
-4415.19331859977
-4415.298773998329
-4415.236619228432
-4415.337395900795
-4415.372197383949
-4415.347436183998
-4415.30937504203
-4415.240729564735
-4414.987937206337
-4414.896159404823
-4414.775555843422
-4414.610835308144
-4414.513491863319
-4414.50845455558
-4414.50418590934
-4414.514107936928
-4414.686265224525
-4414.768019908974
-4414.966088527748
-4414.843116039345
-4415.08794712455
-4414.669944042274
-4414.846768611977
-4414.823271984169
-4414.723782772133
-4414.901480907509
-4414.792184108803
-4414.903750652382
-4414.46056103141
-4414.352664226601
-4415.199900859901
-4415.159192318031
-4415.118676418373
-4415.866816753456
-4415.926331752846
-4416.006339305946
-4415.605683559486
-4415.926369899818
-4415.942610973427
-4415.824612850258
-4414.983403438637
-4415.150433773109
-4415.357369655678
-4415.23553394706
-4415.1067631188125
-4415.099324459145
-4414.6146328392715
-4414.559329265663
-4414.562916988441
-4414.4988167229385
-4414.511271709511
-4414.527428859779
-4414.48902058036
-4414.702183956215
-4415.078746074745
-4414.935874218056
-4414.756367916176
-4414.748461956093
-4414.7272751274795
-4414.71663021476
-4414.897746318886
-4414.947837108681
-4414.400281185219
-4414.381716960976
-4414.747105831215
-4414.366404766151
-4414.63136219413
-4414.518977397987
-4415.841073268959
-4415.790641063759
-4415.373130077431
-4415.702700847694
-4415.991877788612
-4414.959368938515
-4415.840552562782
-4416.135024303505
-4415.879256481239
-4414.906300777504
-4414.967705959389
-4415.0066502037735
-4415.005412334511
-4415.08786320121
-4415.180876964638
-4415.266537899086
-4415.30745052726
-4415.338433498451
-4415.271100277016
-4415.019229168007
-4414.709269756386
-4414.554368251869
-4414.503634685585
-4414.498252147743
-4414.682206386635
-4414.809804195473
-4414.851207012245
-4414.941640132973
-4414.767176860878
-4414.503443950722
-4415.045193904945
-4415.022557491371
-4414.956828350136
-4414.678452724525
-4414.916917079994
-4414.770449871132
-4414.973975414345
-4414.902077907631
-4414.891841167519
-4414.38970493705
-4414.730603450844
-4414.503796810219
-4414.535851711342
-4415.008383983681
-4415.530255550453
-4415.842177623817
-4415.202269786903
-4415.161423915932
-4415.951731914589
-4415.959288829872
-4415.978564495155
-4415.000254863808
-4416.102376216957
-4416.100772136757
-4416.044877285072
-4416.212191814491
-4414.936623806068
-4415.98286938102
-4416.293648952553
-4415.995476955482
-4415.085440868446
-4415.142775768349
-4415.013564342567
-4414.875735515663
-4414.813412899086
-4414.538476223061
-4414.513797039101
-4414.497514003822
-4414.505118602821
-4414.556147808144
-4414.63953709037
-4414.852671855995
-4414.925112957069
-4414.941468471596
-4415.028678173134
-4415.081000560829
-4415.063649410316
-4414.983046764442
-4414.982199901649
-4414.729216808388
-4414.771405452797
-4414.756295436928
-4414.914405101845
-4414.941268199989
-4414.96849941642
-4414.942084545204
-4414.883849376747
-4414.422454113075
-4414.527627224037
-4415.105920070717
-4415.274499172279
-4415.825680965492
-4414.929312938759
-4415.379153484413
-4416.024514431068
-4416.033341640541
-4416.044837230751
-4415.566409343788
-4415.916093105385
-4415.70283245475
-4415.864966625282
-4416.076113933632
-4416.353049511024
-4414.897645229408
-4415.076258892128
-4415.2067673149795
-4414.934903377602
-4414.664778942177
-4414.640280956337
-4414.575955623695
-4414.52772068412
-4414.706582302162
-4414.894839519569
-4414.921506160805
-4414.678729290077
-4414.91732715995
-4414.761651271889
-4414.764378780434
-4414.76143955619
-4414.918132061073
-4414.746915096352
-4414.944842571327
-4414.923442119667
-4414.372456783363
-4414.522414440224
-4414.34061169059
-4414.437945598671
-4414.416886562416
-4414.460479015419
-4414.520472759315
-4415.044312709877
-4414.913409465858
-4415.66589092643
-4416.050580257484
-4415.475634807655
-4416.127196544716
-4416.240922206947
-4415.0037529412
-4416.138575786659
-4416.339728588173
-4414.916207546303
-4415.204760784218
-4415.147025341103
-4415.1870491448135
-4415.375704998085
-4415.226847881386
-4415.363387340614
-4415.330498928139
-4415.355174297401
-4415.307172054359
-4415.251910442421
-4415.130812877724
-4414.925379985878
-4414.804105037758
-4414.858117336342
-4414.750006908485
-4414.797612423012
-4414.682437175819
-4414.629739040443
-4414.564778560707
-4414.536977047035
-4414.549185985634
-4414.662795299599
-4414.954077953407
-4414.966731304237
-4415.042168850014
-4415.032046550819
-4414.936347240517
-4414.929108852455
-4414.9466640892715
-4414.365849727699
-4414.755536312172
-4414.348704570839
-4414.465150112221
-4414.334664577553
-4414.596852535316
-4414.424950832436
-4415.0243217888565
-4415.2681229058
-4415.63186382682
-4415.606814617226
-4414.931260341713
-4415.771291011879
-4415.636124843666
-4414.869220012733
-4415.757510418007
-4415.125106090614
-4416.233401531288
-4416.194020504066
-4416.297789806435
-4416.321980709145
-4415.041981929848
-4416.1904308739395
-4416.391879314491
-4414.897979015419
-4415.103869670937
-4415.197039836952
-4415.085322612831
-4415.123606914589
-4415.163041347572
-4415.202899211952
-4415.424929851601
-4415.099881404945
-4415.184146160194
-4414.670436138222
-4414.506652111122
-4414.516070598671
-4414.5425751152725
-4414.575499767372
-4414.657012218544
-4414.90014004142
-4414.846339458534
-4414.954825634071
-4415.034796947548
-4415.026185268471
-4415.047068828651
-4414.593928569862
-4414.922143215248
-4414.918874019691
-4414.524256939003
-4414.309058422157
-4414.303889507362
-4415.005248302528
-4415.243285411903
-4415.61060261161
-4415.570737117836
-4414.916924709389
-4415.613572353432
-4415.606578105995
-4415.1684372368545
-4416.380486721107
-4415.787093395302
-4415.08660816581
-4416.180060619423
-4415.089410060951
-4414.880635494301
-4415.237078899452
-4415.063185924599
-4415.1010906639785
-4415.13985752494
-4415.179593319008
-4415.431884044716
-4415.32667469413
-4414.77017330558
-4414.539632076332
-4415.345862621376
-4414.527621501991
-4414.5223839226455
-4414.517852062294
-4414.530843013832
-4414.566306346962
-4414.619324916908
-4414.696999782631
-4414.972190136024
-4414.964379543373
-4414.627896541664
-4414.72684215934
-4414.747641796181
-4414.848674053261
-4414.599049800941
-4414.492581600258
-4414.532822841713
-4414.486010784218
-4415.025027507851
-4415.1789066735
-4415.59097408683
-4415.539683574745
-4414.8719780388565
-4415.577273601601
-4416.056670421669
-4415.625308269569
-4415.74228596122
-4416.103944057533
-4416.4736339989395
-4415.180035823891
-4415.319602245399
-4415.07924198539
-4415.117427105019
-4415.424546474525
-4415.323203319618
-4415.245837444374
-4415.2982475701065
-4414.817193264076
-4414.762019390175
-4414.639489406654
-4414.588370555946
-4414.741152996132
-4414.68755649955
-4414.860152477333
-4414.8758270683975
-4414.993146175453
-4414.995974773476
-4414.66515087516
-4414.89884304435
-4414.8523685875625
-4414.713082546303
-4414.67797207267
-4414.4415581169815
-4414.900410884926
-4414.36912655265
-4414.4258758965225
-4414.402735942909
-4414.448596233437
-4414.301715129921
-4415.044436687538
-4415.080529445717
-4415.117881053993
-4415.558093303749
-4414.827143901894
-4415.785514110634
-4416.013470882484
-4415.627551311562
-4414.82165264518
-4415.262662166664
-4414.911401027748
-4415.406275981972
-4415.4169723931045
-4415.014542812416
-4415.316317791054
-4414.745785945961
-4414.646517986366
-4414.606158489296
-4414.598307842323
-4414.591147655556
-4414.535622829506
-4414.565064663002
-4414.812491649696
-4414.936518901894
-4415.000518077919
-4414.533662075111
-4414.722232097694
-4414.7884037438125
-4414.859593624184
-4414.802645916054
-4414.688927883217
-4414.528943294594
-4414.590235942909
-4414.506594890663
-4415.480206722328
-4415.5175793114395
-4415.9695770683975
-4414.81222080619
-4414.809899562904
-4415.943566555092
-4414.80909656913
-4416.281604045937
-4416.1130745354385
-4415.942876094887
-4416.25503658683
-4416.42043804557
-4415.866711849281
-4415.3494236412735
-4415.279156917641
-4415.28348278434
-4415.1009609642715
-4415.253031963417
-4415.316786998817
-4415.24610828788
-4415.125579113075
-4414.9045422020645
-4414.731545681068
-4414.7843105736465
-4414.718173259804
-4414.578517192909
-4414.611869091103
-4414.547478908607
-4414.612330669472
-4415.03833698661
-4415.048810237953
-4414.97498630912
-4414.871611827919
-4414.894955867836
-4414.70315288932
-4414.690118068764
-4414.71286320121
-4414.3842937889785
-4414.409478420326
-4414.535973781654
-4414.4854824486465
-4414.308554882118
-4415.483441585609
-4415.473473781654
-4415.454020732948
-4414.9114715996475
-4415.2653038445205
-4415.591094249794
-4416.02829288871
-4416.1339199486465
-4415.82339596183
-4416.450822109291
-4415.611600154945
-4415.474574321815
-4415.676844829628
-4415.482545131752
-4415.518782848427
-4415.369868511269
-4415.2267296257705
-4415.3089687767715
-4415.3285934868545
-4415.075989955971
-4415.231837505409
-4414.8873016777725
-4414.768878215858
-4414.75938915641
-4414.610097164223
-4414.687762493202
-4414.636088604042
-4414.56275104911
-4414.572861904213
-4414.592040294716
-4414.698952907631
-4414.731578105995
-4414.767192119667
-4415.052630657265
-4414.906512493202
-4414.8835461083145
-4414.942597621986
-4414.929232830116
-4414.956374401161
-4414.894706005165
-4414.694274181435
-4414.769770855019
-4414.59509014518
-4414.702994579384
-4414.650920147011
-4414.686728710243
-4414.496119731972
-4414.664937252113
-4414.738061183998
-4414.728869670937
-4414.548304790565
-4414.599368328163
-4414.466298336098
-4414.407935375282
-4414.922936672279
-4415.367409938881
-4415.756114238808
-4416.0112163964
-4416.073077434608
-4415.779900783607
-4414.854689830849
-4415.586467022011
-4415.572434658119
-4415.558169597694
-4415.543069118568
-4415.449961895058
-4415.459197277138
-4414.9508144798965
-4415.378949398109
-4415.373923534462
-4415.375180477211
-4415.057008022377
-4414.636275524208
-4414.678469890663
-4414.5992729607315
-4414.723672145912
-4415.067517513344
-4415.082936519691
-4415.024007076332
-4414.93208813102
-4414.951895946571
-4415.0268719139785
-4414.561301464149
-4414.667887920448
-4414.65439533622
-4414.580550426552
-4414.61510967643
-4414.7290050926895
-4414.692998165199
-4414.765296215126
-4414.716717952797
-4414.501002544472
-4414.333186382362
-4414.546977275917
-4414.998751873085
-4415.034730190346
-4415.068980449745
-4415.503121608803
-4415.2965176048965
-4415.630534404823
-4415.735381359169
-4416.295676464149
-4416.059886211464
-4416.271714443275
-4416.380675548622
-4414.865996593544
-4415.311850780556
-4415.357989543983
-4415.129708522865
-4415.314707988808
-4415.237990612099
-4415.105805629799
-4415.251612896034
-4415.05496715934
-4414.983731502602
-4414.786023372719
-4414.838605159828
-4414.667845958778
-4414.748009914467
-4414.738015407631
-4414.728898281166
-4414.614543193886
-4414.929448360512
-4414.952075237343
-4415.0432140770645
-4414.895409816811
-4414.7600681725235
-4414.689431423256
-4414.707562679359
-4414.64369511039
-4414.602982753822
-4414.686242336342
-4414.673117870399
-4414.714377636024
-4414.406760448524
-4414.594704860756
-4414.59741901786
-4414.439330333778
-4414.5463306847305
-4414.6897556725235
-4414.335057491371
-4414.476596111366
-4415.457461589882
-4414.892071956703
-4415.230601543495
-4415.552115673134
-4414.807677501747
-4415.630824321815
-4415.860022777626
-4414.7978889885635
-4416.214549297401
-4415.493365520546
-4415.358477825233
-4415.1869347038955
-4415.283374065468
-4415.31887554557
-4415.255627864906
-4415.384730571815
-4415.078027004311
-4415.143925899574
-4415.067630046913
-4414.630412334511
-4415.096585506508
-4415.025450939247
-4414.863932842323
-4414.69492267997
-4414.655417675087
-4414.8009483757705
-4414.670308345863
-4414.733376735756
-4414.772671932289
-4415.053818935463
-4414.882653469154
-4414.833766216347
-4415.028764003822
-4414.995049709389
-4414.807019466469
-4414.6008884850235
-4414.623223537514
-4414.491957897255
-4414.653222316811
-4414.556712383339
-4414.66483044059
-4414.72741436393
-4414.597371334145
-4414.711432689735
-4414.666323894569
-4414.572598690102
-4414.338969463417
-4414.445924038002
-4415.406289333412
-4415.374411815712
-4414.927369350502
-4415.132697338173
-4415.406146282265
-4415.979352230141
-4416.158284420082
-4415.670567745277
-4415.689687007973
-4415.576831096718
-4414.951600307533
-4414.984729045937
-4415.018672222206
-4415.053998226234
-4415.2327034416885
-4415.35948681266
-4414.655299419472
-4415.096244091103
-4415.087601894447
-4415.184146160194
-4415.051928752968
-4414.901370281288
-4414.715975994179
-4414.92975735099
-4414.965888256142
-4415.001788372108
-4414.781838649818
-4415.059884304115
-4414.822045558998
-4414.965529674599
-4414.96290516288
-4415.007848018715
-4415.027423137733
-4414.587073558876
-4414.564044231483
-4414.674586528847
-4414.537175411293
-4414.439648861
-4414.612603420326
-4414.545012706825
-4414.675744289467
-4414.523827785561
-4414.620204204628
-4414.480572933266
-4414.493888134071
-4414.510716671059
-4414.524995082924
-4414.372714275429
-4414.382037395546
-4414.391751522133
-4415.452813381264
-4414.885459178993
-4415.743901485512
-4414.7993900719375
-4414.796572918007
-4416.028102153847
-4415.959311718056
-4415.887692684242
-4415.3780815544815
-4415.319218868324
-4415.226500743935
-4415.20814823539
-4415.170241588661
-4415.173957103798
-4415.311986202309
-4415.164658779213
-4415.152226680824
-4415.135808223793
-4415.095034832069
-4415.096804851601
-4415.060403102943
-4415.241570705482
-4415.205573314735
-4415.064343685219
-4414.811700100014
-4415.049367183754
-4414.800736660072
-4415.035729641029
-4415.023728603432
-4414.781619304726
-4414.800715679237
-4415.035451168129
-4415.0669529381485
-4415.065644496986
-4414.853560680458
-4414.7989590111465
-4414.745656246254
-4414.531213039467
-4414.533009761879
-4414.665578121254
-4414.682215923378
-4414.571336025307
-4414.530585521767
-4414.642777675697
-4414.494054073402
-4414.504012340614
-4414.51803898246
-4414.535716289589
-4414.545125240395
-4414.49292683036
-4414.434663051674
-4415.352812999794
-4414.948031658241
-4415.05329250724
-4415.0889255943985
-4414.869130367348
-4415.277541393349
-4415.406216854164
-4414.809634441444
-4415.636178249428
-4415.72765087516
-4414.803820842812
-4415.816531414101
-4416.091689342567
-4416.102992290565
-4416.056010479042
-4414.823285335609
-4415.2134354058
-4415.112477535316
-4415.1319096031875
-4415.079337352821
-4415.104485744545
-4415.229310268471
-4415.028681987831
-4414.904235118935
-4415.051003688881
-4414.978520626137
-4414.850772136757
-4415.035653347084
-4414.912228817055
-4414.862065548012
-4414.756282085487
-4414.70431064994
-4414.532860988686
-4414.537244075844
-4414.688338512489
-4414.522216075966
-4414.452098125526
-4414.428485149452
-4414.407239193031
-4414.567979091713
-4414.513549083778
-4414.388493770668
-4414.453984493324
-4415.450076335976
-4414.8213264885635
-4415.652652019569
-4415.741790050575
-4414.812014812538
-4416.01533245475
-4416.025332683632
-4416.0369236412735
-4415.69514583976
-4416.005040401527
-4416.076825374672
-4415.673775905678
-4415.339171642372
-4414.916932338783
-4415.060628170082
-4415.262645000526
-4415.361277813026
-4415.301089519569
-4415.096362346718
-4415.016156429359
-4415.07300495536
-4415.089745754311
-4415.063592189857
-4414.9137051048965
-4415.0866711083145
-4415.0365288201065
-4415.085696453163
-4415.0997765007705
-4414.628724330971
-4414.994794124672
-4414.9503624382705
-4415.08443188102
-4415.068103069374
-4415.044131511757
-4414.976310009071
-4414.870955699989
-4414.820962184975
-4414.769084209511
-4414.550868267128
-4414.492356533119
-4414.586497539589
-4414.693061107704
-4414.5613377037735
-4414.517861599037
-4414.552228206703
-4414.6500694695205
-4414.618905300209
-4414.683457607338
-4414.439196819374
-4414.6440994683
-4414.6039841118545
-4414.54969334037
-4414.421183818886
-4414.4758465233535
-4415.380534404823
-4415.369994396278
-4415.416054958412
-4414.86156582267
-4415.352864498207
-4415.740498775551
-4414.828620189735
-4415.828036541054
-4414.82455372245
-4415.669348949501
-4415.911132091591
-4414.8221733513565
-4415.949435466835
-4415.958579296181
-4415.96960186393
-4415.951340908119
-4415.68844913871
-4415.662324184486
-4415.180197948524
-4414.896878475258
-4415.027602428505
-4415.275264019081
-4414.556241268227
-4415.059769863197
-4415.060090297768
-4415.01598858268
-4414.958548778603
-4414.544701808998
-4414.601346248695
-4414.715237850258
-4414.698886150429
-4414.695172542641
-4414.612328762123
-4414.627476924965
-4414.692446941444
-4414.713595623085
-4414.653037303993
-4414.686335796425
-4414.687157863686
-4414.649075740883
-4414.550685161659
-4414.412823909828
-4414.4553234520645
-4414.465214962074
-4414.476758236
-4415.341681713173
-4415.495080226967
-4414.869076961586
-4415.369849437782
-4415.671715969154
-4415.891892665932
-4415.89546703727
-4415.461320156166
-4415.419286006996
-4415.069493526527
-4415.174584621498
-4415.367501491615
-4415.086009258339
-4415.072793239662
-4415.017482036659
-4414.9940483513565
-4414.623162502357
-4414.624490017006
-4414.653018230507
-4414.726149791786
-4414.70580410392
-4414.546117061684
-4414.623017543861
-4414.7196438256
-4414.489403957436
-4414.415955776283
-4414.710906261513
-4414.6118748131485
-4414.406708950111
-4414.669930690834
-4414.510455364296
-4414.491339916298
-4414.455897564003
-4414.493170970985
-4414.417922252724
-4415.427909130165
-4415.686881298134
-4415.472890132973
-4415.842444652626
-4415.917269939491
-4415.730151409218
-4415.647692913124
-4415.403741115639
-4415.361056560585
-4415.864279979774
-4415.015435451576
-4414.917458767006
-4415.297082180092
-4415.368830913612
-4415.300257915565
-4415.346385234901
-4415.347390407631
-4415.1706554833145
-4415.069817775795
-4415.027610057899
-4415.03016209037
-4414.970084423134
-4414.7642910423965
-4414.727048152992
-4414.690854305336
-4414.656211132118
-4414.925332302162
-4414.672864193031
-4414.71739696891
-4414.716115230629
-4414.513318294594
-4414.729237789223
-4414.759112590858
-4414.8010837975235
-4414.726824993202
-4414.781787151405
-4414.433985942909
-4414.799159282753
-4414.644885295937
-4414.498021358559
-4414.611567730019
-4414.464480632851
-4414.581031078407
-4414.563206905434
-4414.375519985268
-4414.566251033852
-4414.378272289345
-4414.449269527504
-4414.436553234169
-4414.425894970009
-4414.4174816551895
-4415.3495533409805
-4415.341489070961
-4415.336045497963
-4415.332253688881
-4415.361207241127
-4414.909772152016
-4415.359057659218
-4415.77497219474
-4415.622187847206
-4414.901854747841
-4415.61064457328
-4415.60181354911
-4415.017806285927
-4414.962781185219
-4414.957818264076
-4415.163535350868
-4415.3574955406875
-4415.346497768471
-4415.340449565956
-4415.324832195351
-4415.046952480385
-4414.971598857948
-4414.937503093788
-4414.922091716835
-4414.894446605751
-4414.7911827507705
-4414.713492626259
-4414.856532329628
-4414.684439891884
-4414.511847728798
-4414.9089367333145
-4414.880555385658
-4414.751265758583
-4414.842190975258
-4414.6154587212295
-4414.87501453788
-4414.577180141518
-4414.737279171059
-4414.543347591469
-4414.806149715492
-4414.727689022133
-4414.3985893669815
-4414.757775539467
-4414.470660442421
-4414.666997188637
-4414.687127346107
-4414.696999782631
-4414.442576641151
-4414.665566677162
-4414.498290294716
-4414.640580410072
-4414.362998241493
-4414.367047542641
-4415.357886547157
-4415.340403789589
-4415.449973339149
-4415.536069149086
-4415.017110103676
-4415.169833416054
-4415.463830226967
-4414.945433849403
-4415.3317673149795
-4415.712456935951
-4415.557330364296
-4415.50100445182
-4415.797469371864
-4414.942050212929
-4415.033223384926
-4415.066519970009
-4415.102610820839
-4414.818440670082
-4415.348283046791
-4414.833968395302
-4415.325915569374
-4415.341788524696
-4415.319552654335
-4415.2915985527725
-4414.939570659706
-4415.078059429237
-4415.001281017372
-4414.891770595619
-4414.876082653114
-4414.818103069374
-4414.926690334389
-4414.68298077018
-4414.741902584145
-4414.7287762108535
-4414.759867900917
-4414.925496334145
-4414.932566875526
-4414.714089626381
-4414.683154338905
-4414.446324581215
-4414.4482796135635
-4415.357793087074
-4415.351363414833
-4415.380276912758
-4415.423211330482
-4415.024161571571
-4415.2617561760635
-4415.652697795937
-4415.692622417519
-4415.689799541542
-4414.985062831947
-4415.389689678261
-4415.7702438774795
-4415.818572277138
-4414.983590358803
-4415.775555843422
-4414.853163951942
-4415.769839519569
-4415.73252033622
-4415.198041194984
-4414.774029964516
-4415.385558361122
-4415.395251506874
-4415.352351421425
-4415.359370464394
-4414.801345104286
-4415.287120098183
-4415.2508633080215
-4414.880152935097
-4414.951129192421
-4415.032313579628
-4414.937367672035
-4414.895350689003
-4414.983885997841
-4414.986979717323
-4414.831059688637
-4414.673773998329
-4414.637866252968
-4414.603673214027
-4414.887343639442
-4414.571553463051
-4414.901570552895
-4414.951682323524
-4414.76626705558
-4414.774268383095
-4414.7776253166885
-4414.405900234291
-4414.6316502037735
-4414.650437587807
-4414.451926464149
-4414.622113460609
-4414.332610363075
-4414.394376033852
-4414.385476345131
-4414.375146144936
-4415.388077968666
-4415.602885479042
-4415.69541096122
-4415.670068019936
-4415.109997982094
-4415.232428783485
-4415.274783367226
-4415.662724727699
-4415.730555767128
-4415.35560917289
-4414.992953533241
-4415.068257564613
-4415.404072994301
-4415.700844997475
-4415.4809734764785
-4414.90274929435
-4415.066619152138
-4415.48992847831
-4415.79241108329
-4415.540641063759
-4414.852364772865
-4415.06563877494
-4415.575946086952
-4415.588866466591
-4414.797311061928
-4415.138217205116
-4415.706095928261
-4414.764840358803
-4415.175435298988
-4415.719289058754
-4415.213994258949
-4415.72212719352
-4415.702800029823
-4415.449618572304
-4415.48620342643
-4414.782538646767
-4414.794997448036
-4414.808146709511
-4415.091433757851
-4414.875325435707
-4414.861792797157
-4415.061473125526
-4415.019505733559
-4414.792052501747
-4414.766299480507
-4414.890282863686
-4414.649457210609
-4414.925238842079
-4414.937560314247
-4414.467976802895
-4414.626940959999
-4414.405726665565
-4414.4540245476455
-4414.678412670204
-4414.420428508827
-4414.398514980385
-4414.565516704628
-4414.324660533974
-4414.336491817543
-4415.417016262123
-4415.407656902382
-4415.400994533607
-4415.396908992836
-4415.501073116371
-4415.753239864418
-4415.582959407875
-4415.70287441642
-4415.239150280067
-4415.369805568764
-4415.415404552528
-4415.723941082069
-4415.236619228432
-4415.501506084511
-4415.741570705482
-4415.572133297035
-4415.276240581581
-4415.540152782509
-4415.316340679237
-4415.576668972084
-4415.356406444618
-4415.6094124260635
-4415.755475277016
-4415.594901317665
-4414.709357494423
-4415.504832500526
-4415.541383022377
-4415.577689403603
-4415.7294094506
-4414.706137889931
-4415.47458195121
-4414.9849197808
-4414.891648525307
-4414.939486736366
-4414.767384761879
-4414.749146694252
-4414.623179668495
-4414.588954204628
-4414.7875053826065
-4414.556212657997
-4414.5256512108535
-4414.901204341957
-4414.963147396156
-4414.694979900429
-4414.92134594352
-4414.930352443764
-4414.94040226371
-4414.9150192681045
-4414.591174358437
-4414.454015010902
-4414.6792576256485
-4414.398879283974
-4414.375041240761
-4414.3649132195205
-4414.352570766518
-4415.503556484291
-4415.521548503944
-4415.460229152748
-4415.450297588417
-4415.443354839394
-4415.535542720863
-4415.473658794472
-4415.607920879433
-4415.613333934853
-4415.666161769936
-4415.579558605263
-4415.744096035072
-4415.522887462685
-4414.743737453529
-4415.608702892372
-4415.609105342934
-4415.599501842567
-4415.578923458168
-4415.753550762245
-4415.586302990028
-4415.5360557976455
-4415.602700466225
-4415.841502422401
-4415.6587860527725
-4415.467784160683
-4414.688403362343
-4415.3364632073135
-4415.03034328849
-4414.776313060829
-4414.930196041176
-4414.735314601967
-4414.9117157402725
-4414.716925853798
-4414.810391658852
-4414.711083644936
-4414.676373714516
-4414.722443813393
-4414.7321941796035
-4414.933470958778
-4414.713977092812
-4414.726369136879
-4414.73824047477
-4414.876246685097
-4414.558907741615
-4414.457679027626
-4414.397990459511
-4414.328652614662
-4414.3209526482315
-4414.504124874184
-4414.46291851432
-4414.409480327675
-4415.200093502113
-4414.865056270668
-4415.547045940468
-4415.539145702431
-4415.5274956169815
-4415.519030803749
-4415.33235287101
-4414.782462352821
-4415.545434230873
-4414.744979137489
-4415.6917240563125
-4415.576798671791
-4415.717585796425
-4415.694310421059
-4415.628501171181
-4415.648225063393
-4415.719641918251
-4415.6636116448135
-4415.802157634804
-4415.743029827187
-4415.814442867348
-4415.702697032997
-4415.821551555702
-4415.835900539467
-4415.693448299477
-4415.576569789955
-4415.403689617226
-4415.774104351112
-4414.671174282143
-4415.069865459511
-4414.712027782509
-4414.792716259071
-4414.996535533974
-4414.706012004921
-4414.697156185219
-4414.602460140297
-4414.886319393227
-4414.576249355385
-4414.765900844643
-4414.639296764442
-4414.364142650673
-4414.424802059242
-4414.401183361122
-4414.328805202553
-4414.320060009071
-4414.312661403725
-4414.421714061806
-4415.414672130653
-4415.416619533607
-4415.420962566444
-4415.488194698402
-4415.066308254311
-4414.888154262611
-4415.323931926796
-4414.730063671181
-4415.441416973183
-4414.681775325844
-4415.704631084511
-4415.505587810585
-4414.627848857948
-4414.914071315834
-4414.724663967201
-4414.861754650185
-4414.725123638222
-4414.712510341713
-4414.968749279091
-4414.700677150795
-4414.689591640541
-4414.983031505653
-4414.645516628334
-4414.669385189125
-4414.708094829628
-4414.735972637245
-4414.653407329628
-4414.664464229652
-4414.677968257973
-4414.693063015053
-4414.790015453407
-4414.86697887809
-4414.8023025933
-4414.52004742057
-4414.711756939003
-4414.486701244423
-4414.38561748893
-4414.457537883827
-4414.559748882362
-4414.354245418617
-4414.402981990883
-4414.305131191322
-4414.309903377602
-4415.381129497597
-4415.101731533119
-4414.788396114418
-4415.231150859901
-4414.71798252494
-4415.52056431205
-4415.552962535927
-4415.492911571571
-4414.615269893715
-4415.693854564735
-4415.675151104042
-4415.725163692543
-4415.424365276405
-4415.629626506874
-4415.5633232537
-4415.43143200309
-4414.618417018959
-4414.992350811073
-4414.947465175697
-4414.653191799232
-4414.803200954506
-4415.271697277138
-4414.975352520058
-4414.953414196083
-4414.63326000602
-4414.617470974037
-4414.549943203041
-4414.6058800163955
-4414.607621425697
-4414.518609279701
-4414.65599941642
-4414.854651683876
-4414.605529064247
-4414.48953747184
-4414.88595127494
-4414.613091701576
-4414.462308162758
-4414.783143276283
-4414.518014186928
-4414.485808605263
-4414.691487545082
-4414.458047145912
-4414.376429790565
-4414.457000011513
-4414.412200206825
-4414.34661030204
-4414.595832103798
-4414.305617565224
-4414.309134716103
-4414.354817623207
-4414.343550914833
-4414.332244152138
-4415.349881404945
-4414.943494075844
-4414.909743541786
-4414.877021068642
-4414.844554180214
-4415.4139091912
-4415.573142284462
-4415.442324871132
-4414.592599147865
-4415.638816112587
-4415.463832134315
-4415.5887539330215
-4414.845034832069
-4414.748299831459
-4415.3270561638565
-4415.287633174965
-4414.620236629555
-4415.265753978798
-4415.256413692543
-4415.243561977455
-4415.22791599662
-4414.933446163246
-4415.206307643959
-4415.012778514931
-4414.588612789223
-4414.592398876259
-4414.896884197304
-4414.598708385536
-4414.88713764579
-4414.606614345619
-4414.718215221474
-4414.507579082558
-4414.872386211464
-4414.59035992057
-4414.479214901039
-4414.848767513344
-4414.700953716347
-4414.706832164833
-4414.643037075111
-4414.584656948158
-4414.669089550087
-4414.510173076698
-4414.32805561454
-4414.311661953041
-4414.3549034538955
-4414.343653911659
-4415.333531612465
-4414.972268337318
-4414.747227901527
-4415.367802852699
-4415.090855831215
-4414.679572338173
-4415.172265285561
-4414.645520443031
-4415.43410992057
-4415.460313076088
-4415.548079723427
-4415.59663891227
-4415.2974216881485
-4415.511388057777
-4415.362609142372
-4415.24299740226
-4414.787356609413
-4414.985764736244
-4414.970546001503
-4415.18751453788
-4414.983226055214
-4414.959426158974
-4414.976571315834
-4415.127032512733
-4414.893073314735
-4414.9330856743545
-4414.567143673012
-4414.862313503334
-4414.792504543373
-4414.997483486244
-4414.759022945473
-4414.909199947426
-4414.892291301796
-4414.737488979408
-4414.878449672768
-4414.614150280067
-4414.5926201287
-4414.605393642494
-4414.621588939735
-4414.6690189781875
-4414.608577007362
-4414.534241909096
-4414.481742137978
-4414.661557430336
-4414.380543941566
-4414.348254436562
-4414.554221386024
-4414.4970714989395
-4414.314973110268
-4414.318127864906
-4414.966042751381
-4414.6921760979385
-4415.322131389687
-4415.343308681557
-4415.435471767494
-4415.432894939491
-4415.293997997353
-4414.560672039101
-4415.459300273964
-4415.537425273964
-4415.3182461205215
-4414.55400394828
-4415.462702983925
-4415.299697155067
-4415.498923534462
-4415.389123195717
-4415.379376644203
-4415.2902061882705
-4415.205786937782
-4415.175599330971
-4415.336610073158
-4414.7342617455215
-4414.639283413002
-4414.678689235756
-4415.261142009804
-4415.234601253578
-4414.623053783485
-4415.024167293617
-4414.943719142982
-4414.579848522255
-4414.978957408974
-4414.970414394447
-4414.962685817787
-4414.956290477821
-4414.958504909584
-4414.844119304726
-4415.017058605263
-4414.877955669472
-4414.915168041298
-4414.895472759315
-4414.87763714225
-4414.862069362709
-4414.736617321083
-4414.881982082436
-4414.796454662392
-4414.854455226967
-4414.791920894691
-4414.806651348183
-4414.695405239174
-4414.761761898109
-4414.555003398964
-4414.850936168739
-4414.621953243324
-4414.562129253456
-4414.738175624916
-4414.65630649955
-4414.593535656044
-4414.561246151039
-4414.59666561515
-4414.615620845863
-4414.718590969154
-4414.698260540077
-4414.73102688224
-4414.677436107704
-4414.415646785805
-4414.359317058632
-4414.545853847572
-4414.486123317787
-4414.32515453727
-4414.396571392128
-4414.335721248695
-4415.243090862343
-4415.276156658241
-4415.29422497184
-4415.312634700844
-4415.332249874184
-4415.42134594352
-4415.203995937416
-4414.551602596352
-4415.228873485634
-4414.543021434853
-4415.488974803993
-4415.238717311928
-4414.542248958656
-4415.239873165199
-4415.277142757484
-4415.314168209145
-4414.960961574623
-4415.481536144325
-4415.285447353432
-4415.276837581703
-4415.120150798866
-4414.581191295692
-4415.253094905922
-4415.246743434975
-4414.661654705116
-4415.397830242226
-4415.286833995888
-4415.180878871986
-4415.339646572182
-4414.9926197472305
-4415.192754024574
-4414.972264522621
-4414.5447151604385
-4414.860234493324
-4414.5305759850235
-4414.909615749428
-4414.865884059975
-4414.832381481239
-4414.883143657753
-4414.527945751259
-4414.927293056557
-4414.641106838295
-4414.792893642494
-4414.704379314491
-4414.656018489906
-4414.742133373329
-4414.554972881386
-4414.542250866005
-4414.574631923744
-4414.7696049156875
-4414.613133663246
-4414.392897838661
-4414.350987667152
-4414.344926113197
-4415.207242244789
-4415.200511211464
-4415.236033672401
-4415.2372486534805
-4415.023949855873
-4414.580252880165
-4415.056893581459
-4414.567672008583
-4415.266480678627
-4415.088963741371
-4414.556006664345
-4415.3728973808975
-4415.144072765419
-4414.53473781974
-4415.302747005531
-4415.44083523185
-4415.453511470863
-4415.158425563881
-4414.53189205558
-4415.091450923988
-4415.46930813224
-4415.394122356483
-4415.4713432732315
-4415.428040737221
-4415.287802928993
-4415.445693248817
-4415.134513134071
-4415.087222332069
-4414.568036312172
-4415.243062252113
-4415.182111019203
-4415.395766491005
-4415.237357372353
-4415.025912517616
-4414.608802074501
-4415.236228221962
-4415.156378978798
-4415.390034908363
-4415.345359081337
-4414.992739910194
-4414.675074810097
-4414.991181606361
-4414.995505565712
-4414.743731731483
-4414.973101848671
-4414.9392998162
-4415.109227413246
-4414.52244686515
-4414.996445888588
-4414.514329189369
-4414.791384929726
-4414.781590694496
-4414.780192607948
-4414.707471126625
-4414.558131450722
-4414.752742046425
-4414.530932659218
-4414.728839153358
-4414.60731052787
-4414.795123333046
-4414.542479747841
-4414.528273815224
-4414.710250133583
-4414.647677654335
-4414.620509380409
-4414.439835781166
-4414.5369236412735
-4414.471900219032
-4414.426139110634
-4414.390624279091
-4414.910247081825
-4414.587996715614
-4415.294589275429
-4415.223431819984
-4415.342103237221
-4415.075528377602
-4415.235860103676
-4415.321589702675
-4415.4153206291885
-4415.364268535683
-4415.223288768837
-4415.048306697914
-4415.407057994911
-4415.073481792519
-4415.046801799843
-4415.024607891151
-4415.364836925575
-4415.075961345741
-4415.32739948661
-4415.0528080406875
-4414.954903835365
-4414.745639080116
-4414.969779247353
-4414.940917247841
-4414.795232051918
-4414.7954113426895
-4414.948891872475
-4414.5035126152725
-4414.8477508965225
-4414.539014095375
-4414.813313716957
-4414.571059459755
-4414.516303295204
-4414.600653881142
-4414.588801616737
-4414.577214473793
-4414.5658047142715
-4414.599286312172
-4414.613009685585
-4414.627471202919
-4414.570620769569
-4414.525080913612
-4414.543046230385
-4414.497874492714
-4414.517943615028
-4414.482320064613
-4414.482234233925
-4414.469813579628
-4414.840699428627
-4414.582524532387
-4415.170058483192
-4415.141194576332
-4415.153691524574
-4415.163394207069
-4415.277938121864
-4415.329753154823
-4414.527997249672
-4415.161835903236
-4415.173743480751
-4414.846989864418
-4415.24803280265
-4415.174231762001
-4415.302117580482
-4415.3059456291885
-4415.190665477821
-4414.674388164589
-4414.9656498375625
-4414.930167430946
-4414.918362850258
-4415.279698604652
-4414.89582943351
-4414.712321514198
-4414.820115322182
-4414.800845378944
-4414.7833912316055
-4414.499840969154
-4414.709225887367
-4414.574481243202
-4414.515828365395
-4414.718562358925
-4414.675961727211
-4414.5690720024795
-4414.581176036903
-4414.5942947808
-4414.608975643227
-4414.80532955558
-4415.149911159584
-4415.140118831703
-4415.121230358192
-4415.169148677895
-4414.884272808144
-4414.527913326332
-4415.121571773598
-4415.201846355507
-4415.211856121132
-4414.905787700722
-4415.2216236534805
-4415.133353466103
-4415.22102474601
-4415.141841167519
-4415.055392498085
-4415.21040844352
-4415.193600887367
-4415.153994793007
-4414.900761837074
-4415.186276668617
-4414.882525676796
-4414.576543087074
-4415.208110088417
-4414.619405025551
-4414.837880367348
-4414.818473095009
-4414.805810207436
-4414.579503292152
-4414.79125332267
-4415.149407619545
-4414.74602436454
-4414.659734005043
-4414.635745281288
-4414.642026180336
-4414.51781582267
-4414.773961299965
-4414.739001506874
-4414.516684764931
-4414.7248699608535
-4414.573266262123
-4414.818389171669
-4414.527003521034
-4414.819855922768
-4414.543706173012
-4415.080514186928
-4414.765837902138
-4414.645579570839
-4414.597136730263
-4414.6933758202285
-4414.672368282387
-4414.673676723549
-4415.020793193886
-4414.653844112465
-4414.658753627846
-4414.636372798988
-4414.964387172768
-4414.616223568031
-4414.937873119423
-4414.582581752846
-4414.598283046791
-4414.5008060875625
-4414.570180172035
-4414.540753597328
-4414.542582744667
-4414.843310588905
-4414.78352474601
-4414.745837444374
-4414.711720699379
-4414.4990971031875
-4414.677052730629
-4414.571099514076
-4414.699792141029
-4414.557847255775
-4414.721589321205
-4414.546843761513
-4414.721884960243
-4414.548907512733
-4414.724808925697
-4414.556533092567
-4414.727471584389
-4414.561993831703
-4414.711901897499
-4414.5821831169815
-4414.698527568886
-4414.6091320458145
-4414.7923309746475
-4414.909121746132
-4414.695843929359
-4414.9906094017715
-4414.999030345985
-4414.601680034706
-4414.837435955116
-4414.496222728798
-4414.490319484779
-4414.491730922768
-4414.495242351601
-4414.637660259315
-4414.562205547401
