-1.4798789024353027
-1.4590048789978027
-1.4736227989196777
-1.5150046348571777
-1.5121817588806152
-1.5103049278259277
-1.4899497032165527
-1.4552817344665527
-1.4731802940368652
-1.4459433555603027
-1.4489035606384277
-1.4426932334899902
-1.4389090538024902
-1.4373679161071777
-1.5337729454040527
-1.5204215049743652
-1.5282492637634277
-1.5825095176696777
-1.5990500450134277
-1.4268698692321777
-1.5625205039978027
-1.4606223106384277
-1.2661185264587402
-1.4992423057556152
-1.5771384239196777
-1.5754446983337402
-1.2779593467712402
-1.5730338096618652
-1.4829001426696777
-1.5699210166931152
-1.4575095176696777
-1.3415274620056152
-1.6045889854431152
-1.5235342979431152
-1.4920096397399902
-1.5961661338806152
-1.5893912315368652
-1.5848898887634277
-1.5826773643493652
-1.6307425498962402
-1.5918326377868652
-1.4063162803649902
-1.3771109580993652
-1.2971243858337402
-1.6271109580993652
-1.2293295860290527
-1.6668601036071777
-1.6494040489196777
-1.6543021202087402
-1.6590170860290527
-1.6830039024353027
-1.6635336875915527
-1.6799674034118652
-1.2561087608337402
-1.7095236778259277
-1.5600333213806152
-1.3509268760681152
-1.6807456016540527
-1.4723868370056152
-1.6096396446228027
-1.5607504844665527
-1.5747885704040527
-1.5403647422790527
-1.6800131797790527
-1.6499991416931152
-1.4837546348571777
-1.4534506797790527
-1.4234213829040527
-1.3938345909118652
-1.5803427696228027
-1.6910605430603027
-1.7103171348571777
-1.7320303916931152
-1.8065237998962402
-1.7696738243103027
-1.7813315391540527
-1.8294119834899902
-1.7881979942321777
-1.8231863975524902
-1.7685446739196777
-1.2886099815368652
-1.7249503135681152
-1.7585349082946777
-1.6592612266540527
-1.5704092979431152
-1.5395102500915527
-1.5085959434509277
-1.6835684776306152
-1.6029105186462402
-1.5955252647399902
-1.5863089561462402
-1.7552390098571777
-1.7199454307556152
-1.7860617637634277
-1.7318778038024902
-1.7687277793884277
-1.8486533164978027
-1.2240042686462402
-1.8772177696228027
-1.9107413291931152
-1.2505850791931152
-1.8877463340759277
-1.2856040000915527
-1.8386740684509277
-1.8120322227478027
-1.8316702842712402
-1.4794516563415527
-1.7629294395446777
-1.8079123497009277
-1.6965994834899902
-1.7142844200134277
-1.5234427452087402
-1.5437216758728027
-1.4654135704040527
-1.4861044883728027
-1.5062155723571777
-1.5257925987243652
-1.4284567832946777
-1.4487662315368652
-1.4686179161071777
-1.4879965782165527
-1.4114432334899902
-1.4309287071228027
-1.4799399375915527
-1.5365042686462402
-1.4452872276306152
-1.4878287315368652
-1.5847373008728027
-1.5230765342712402
-1.4921317100524902
-1.8800559043884277
-1.8155264854431152
-1.8516287803649902
-1.9174246788024902
-1.2616324424743652
-1.9295554161071777
-1.9610342979431152
-1.2430777549743652
-1.9735617637634277
-1.9903311729431152
-1.2783408164978027
-1.9661612510681152
-1.9706778526306152
-1.9448294639587402
-1.3140311241149902
-1.9530234336853027
-1.9687399864196777
-1.9005026817321777
-1.4466910362243652
-1.7619071006774902
-1.7824759483337402
-1.6595358848571777
-1.7036185264587402
-1.6726126670837402
-1.6409964561462402
-1.5986990928649902
-1.7863669395446777
-1.7792258262634277
-1.8575339317321777
-1.5379691123962402
-1.7315268516540527
-1.6959280967712402
-1.4075064659118652
-1.6287741661071777
-1.7311148643493652
-1.3726553916931152
-1.2898306846618652
-1.2747855186462402
-1.4370017051696777
-1.2583518028259277
-1.3914847373962402
-1.4225363731384277
-1.5991721153259277
-1.6021323204040527
-1.3955740928649902
-1.4246115684509277
-1.4539237022399902
-1.4834799766540527
-1.6434226036071777
-1.6440634727478027
-1.6524558067321777
-1.4006247520446777
-1.5786032676696777
-1.6882987022399902
-1.7048239707946777
-1.4053702354431152
-1.7332663536071777
-1.7425436973571777
-1.6798453330993652
-1.7796378135681152
-1.7827811241149902
-1.7876029014587402
-1.6681113243103027
-1.5139670372009277
-1.4285178184509277
-1.7866110801696777
-1.5794577598571777
-1.6474967002868652
-1.7471518516540527
-1.7775626182556152
-2.0065054893493652
-2.0458884239196777
-1.2511496543884277
-1.2551627159118652
-1.2590537071228027
-1.2628378868103027
-2.0253043174743652
-2.0670218467712402
-2.0758872032165527
-2.0179953575134277
-1.3757834434509277
-1.8408713340759277
-1.9351096153259277
-1.9351553916931152
-1.9182181358337402
-1.9260153770446777
-2.0016531944274902
-1.4434256553649902
-1.9335227012634277
-1.9101004600524902
-1.5434470176696777
-1.8840079307556152
-1.8553824424743652
-1.9406180381774902
-1.7989401817321777
-1.6749625205993652
-1.4823203086853027
-1.7846426963806152
-1.7953085899353027
-1.7490592002868652
-1.7118735313415527
-1.8271079063415527
-1.6793570518493652
-1.3092856407165527
-1.5783591270446777
-1.7063345909118652
-1.5383505821228027
-1.3977408409118652
-1.4809622764587402
-1.2166190147399902
-1.3633933067321777
-1.3665976524353027
-1.4010977745056152
-1.2152915000915527
-1.2771048545837402
-1.4723105430603027
-1.4873709678649902
-1.5219321250915527
-1.5529074668884277
-1.3409934043884277
-1.4550681114196777
-1.6107840538024902
-1.5495200157165527
-1.6258444786071777
-1.7141623497009277
-1.6822104454040527
-1.3315024375915527
-1.7843985557556152
-1.8860831260681152
-1.7213492393493652
-1.5673117637634277
-1.9375510215759277
-1.9163260459899902
-1.8950400352478027
-1.9552664756774902
-1.4252219200134277
-1.9861960411071777
-1.9501395225524902
-2.0090231895446777
-1.9757590293884277
-1.5704855918884277
-1.9864401817321777
-1.9918570518493652
-1.3044333457946777
-1.7756552696228027
-2.0613303184509277
-1.9009451866149902
-1.9285788536071777
-1.9553885459899902
-1.2852683067321777
-2.0786490440368652
-2.1093039512634277
-2.1604819297790527
-2.0974936485290527
-1.2742362022399902
-1.2783560752868652
-1.2823691368103027
-1.2862753868103027
-2.0715231895446777
-2.1423087120056152
-2.1456503868103027
-2.1000876426696777
-2.1267142295837402
-1.3306021690368652
-1.9706320762634277
-2.0177817344665527
-1.3675589561462402
-2.0259299278259277
-1.7991538047790527
-2.0661826133728027
-1.9948019981384277
-2.0454916954040527
-1.6787924766540527
-1.9637198448181152
-2.0408225059509277
-1.5405325889587402
-1.9386649131774902
-1.6080527305603027
-1.9189352989196777
-1.8624014854431152
-1.7409567832946777
-1.4844260215759277
-1.8377890586853027
-1.8175864219665527
-1.7973990440368652
-1.8011832237243652
-1.7037405967712402
-1.8390860557556152
-1.3122305870056152
-1.6222739219665527
-1.2203116416931152
-1.2061057090759277
-1.1903891563415527
-1.3690848350524902
-1.4428153038024902
-1.1910910606384277
-1.3277487754821777
-1.2029776573181152
-1.2176871299743652
-1.2317709922790527
-1.2454123497009277
-1.4412741661071777
-1.5252585411071777
-1.2921957969665527
-1.4324393272399902
-1.2699637413024902
-1.6449484825134277
-1.6232504844665527
-1.6581168174743652
-1.6908621788024902
-1.7511496543884277
-1.8110861778259277
-1.8594870567321777
-1.9011435508728027
-1.7450308799743652
-1.6531729698181152
-1.9879202842712402
-1.9751639366149902
-1.9467368125915527
-1.5325217247009277
-1.3871817588806152
-2.0122427940368652
-1.4764914512634277
-1.4205374717712402
-2.0330557823181152
-1.9878745079040527
-2.0905966758728027
-2.1189017295837402
-2.0709738731384277
-2.1288352012634277
-2.1619467735290527
-2.1596121788024902
-2.1587729454040527
-1.3282370567321777
-2.0875601768493652
-2.1826071739196777
-2.2130484580993652
-1.9796500205993652
-2.0042014122009277
-2.0499472618103027
-2.1455130577087402
-2.1143088340759277
-2.1087241172790527
-2.1035819053649902
-2.2223258018493652
-2.2183737754821777
-2.2162222862243652
-2.1312460899353027
-2.1852164268493652
-2.1815237998962402
-2.1560873985290527
-2.0789999961853027
-2.0266470909118652
-1.3926138877868652
-1.8576865196228027
-2.0109000205993652
-2.0910239219665527
-2.0811514854431152
-1.7401175498962402
-2.0784964561462402
-1.6048331260681152
-1.9344077110290527
-1.9341330528259277
-2.0477805137634277
-1.6732687950134277
-1.9017081260681152
-2.0298666954040527
-1.8949484825134277
-1.8661704063415527
-1.8364920616149902
-1.9189352989196777
-1.8932547569274902
-2.0095267295837402
-1.8744101524353027
-1.7360587120056152
-1.8819479942321777
-1.6307883262634277
-1.7926535606384277
-1.6443381309509277
-1.2110190391540527
-1.1969351768493652
-1.4207053184509277
-1.5518546104431152
-1.1813254356384277
-1.3753867149353027
-1.4740500450134277
-1.3544516563415527
-1.3640189170837402
-1.3751425743103027
-1.1792654991149902
-1.2770438194274902
-1.4183402061462402
-1.3256735801696777
-1.3535361289978027
-1.5995078086853027
-1.6381125450134277
-1.7494254112243652
-1.8341574668884277
-1.3048453330993652
-1.9551596641540527
-2.0326743125915527
-2.0314536094665527
-1.9173941612243652
-2.0176291465759277
-2.0544791221618652
-1.5290274620056152
-2.0495505332946777
-2.0781455039978027
-2.0721335411071777
-1.4218955039978027
-1.5398001670837402
-2.1263937950134277
-2.1037192344665527
-2.1445212364196777
-1.6443686485290527
-2.0912680625915527
-2.1924338340759277
-2.0789694786071777
-2.1385092735290527
-1.3368735313415527
-2.2763113975524902
-1.9947104454040527
-2.1259970664978027
-2.1383109092712402
-2.1304221153259277
-2.2556357383728027
-2.2469992637634277
-2.2396140098571777
-1.3756766319274902
-2.0683951377868652
-2.0546622276306152
-1.9982657432556152
-1.8577933311462402
-2.0830130577087402
-2.0790610313415527
-2.0773978233337402
-2.0593619346618652
-1.9208579063415527
-2.0438895225524902
-1.9093222618103027
-1.6639151573181152
-1.5368094444274902
-1.7129721641540527
-1.1723380088806152
-1.3650717735290527
-1.3533225059509277
-1.3978781700134277
-1.1695914268493652
-1.3615317344665527
-1.3630118370056152
-1.3666586875915527
-1.4159598350524902
-1.4780478477478027
-1.2816367149353027
-1.4214072227478027
-1.6442923545837402
-1.6663107872009277
-1.8493552207946777
-1.9000906944274902
-2.0298514366149902
-1.9402670860290527
-2.1032919883728027
-2.1503653526306152
-2.0731863975524902
-2.0971274375915527
-2.0788474082946777
-1.5911307334899902
-2.0947165489196777
-1.4013419151306152
-2.1121726036071777
-1.6966757774353027
-1.3810477256774902
-2.1668143272399902
-2.0067954063415527
-2.2834830284118652
-2.2146201133728027
-2.1021475791931152
-2.0358328819274902
-1.3652243614196777
-1.9548544883728027
-2.0994009971618652
-2.1032156944274902
-2.1116690635681152
-2.1175894737243652
-2.1211447715759277
-2.0368094444274902
-2.2638297080993652
-2.2492575645446777
-2.2347464561462402
-2.0099539756774902
-1.9629569053649902
-1.4390006065368652
-1.4779868125915527
-2.0766501426696777
-2.0843405723571777
-1.6981558799743652
-2.0928092002868652
-2.0931296348571777
-1.8645682334899902
-1.4614920616149902
-1.4267783164978027
-1.9309287071228027
-1.9290976524353027
-1.9299521446228027
-1.8191428184509277
-1.6607871055603027
-1.8495688438415527
-1.5598044395446777
-1.4859061241149902
-1.6642050743103027
-1.5006613731384277
-1.1787924766540527
-1.3585867881774902
-1.3680624961853027
-1.3920798301696777
-1.4065451622009277
-1.2959952354431152
-1.3755393028259277
-1.5182089805603027
-1.4618124961853027
-1.5601553916931152
-1.5881094932556152
-1.6270041465759277
-1.2214713096618652
-1.7736105918884277
-1.8158469200134277
-1.8804221153259277
-1.9873557090759277
-2.0124716758728027
-2.0408225059509277
-1.9379782676696777
-1.9108481407165527
-1.8234457969665527
-2.1426291465759277
-2.1438193321228027
-2.1464743614196777
-2.0771079063415527
-2.0754294395446777
-1.3688864707946777
-2.1975607872009277
-2.0792136192321777
-1.4018454551696777
-2.0668692588806152
-1.4351706504821777
-2.1974692344665527
-1.4101614952087402
-1.8164267539978027
-2.1239523887634277
-1.9416861534118652
-2.1077933311462402
-2.0641837120056152
-2.0564627647399902
-1.8497214317321777
-1.4602408409118652
-2.0506796836853027
-2.0277915000915527
-2.0039114952087402
-1.9617514610290527
-1.9849753379821777
-1.9431967735290527
-2.0652976036071777
-1.6755881309509277
-1.4400229454040527
-1.1794333457946777
-1.2974143028259277
-1.3723654747009277
-1.3783774375915527
-1.4345602989196777
-1.5031485557556152
-1.4735617637634277
-1.6006674766540527
-1.6658072471618652
-1.7755942344665527
-1.9688315391540527
-1.2498068809509277
-2.0203757286071777
-1.2838034629821777
-2.0622763633728027
-1.7896933555603027
-2.0916342735290527
-2.0873007774353027
-1.4161734580993652
-1.4496359825134277
-1.5034689903259277
-2.2110800743103027
-2.2242636680603027
-2.0535635948181152
-1.9380698204040527
-2.0963950157165527
-1.7012839317321777
-1.7728934288024902
-2.0579428672790527
-1.9250388145446777
-2.0525870323181152
-1.6632895469665527
-1.4773306846618652
-1.6028952598571777
-1.6782736778259277
-1.7533774375915527
-2.0323996543884277
-2.1089682579040527
-2.1212210655212402
-1.9825186729431152
-1.9191489219665527
-1.3580527305603027
-1.9066214561462402
-2.0526328086853027
-1.8187155723571777
-1.7937521934509277
-1.9829001426696777
-1.7268424034118652
-1.4841818809509277
-1.6883597373962402
-1.4293723106384277
-1.6001944541931152
-1.4377188682556152
-1.3668112754821777
-1.2858023643493652
-1.3723959922790527
-1.3812003135681152
-1.4391379356384277
-1.5078482627868652
-1.3121695518493652
-1.6032767295837402
-1.6126761436462402
-1.8016409873962402
-1.2224326133728027
-2.0385031700134277
-1.2630515098571777
-2.1038565635681152
-2.1079611778259277
-2.0134787559509277
-1.9882712364196777
-1.9615378379821777
-1.9336295127868652
-2.1060843467712402
-2.1277823448181152
-2.2639517784118652
-2.0890097618103027
-1.6118979454040527
-1.5842337608337402
-1.4909873008728027
-2.0514883995056152
-1.6505942344665527
-2.0938620567321777
-2.0334525108337402
-2.0876364707946777
-1.5436911582946777
-1.8917441368103027
-1.7993521690368652
-1.7056632041931152
-1.7434439659118652
-1.6649680137634277
-2.0221457481384277
-2.0911459922790527
-2.0989737510681152
-2.0835318565368652
-1.9697470664978027
-2.0220236778259277
-1.4142050743103027
-1.3343100547790527
-1.7868857383728027
-1.9881186485290527
-1.2880606651306152
-1.5358481407165527
-1.7606101036071777
-1.3994345664978027
-1.4836325645446777
-1.2133994102478027
-1.2743277549743652
-1.4547324180603027
-1.5120139122009277
-1.3786368370056152
-1.4076895713806152
-1.4370474815368652
-1.6059775352478027
-1.2504782676696777
-1.2319388389587402
-1.8706564903259277
-1.2356619834899902
-2.0629477500915527
-2.2197318077087402
-1.3425955772399902
-2.2471213340759277
-2.2541861534118652
-2.2707419395446777
-2.1230826377868652
-2.2988944053649902
-2.0396628379821777
-2.0660605430603027
-1.5878958702087402
-1.5571188926696777
-1.6070456504821777
-1.6904196739196777
-1.8741202354431152
-1.5785422325134277
-1.5424857139587402
-2.0596365928649902
-1.9238486289978027
-2.0126547813415527
-2.0887808799743652
-1.3905997276306152
-1.8351340293884277
-1.7785239219665527
-1.9920859336853027
-1.5863547325134277
-1.8293814659118652
-1.2194571495056152
-1.4185385704040527
-1.4370169639587402
-1.5297293663024902
-1.3093314170837402
-1.7033286094665527
-1.8036704063415527
-2.0350852012634277
-2.1062674522399902
-1.2861838340759277
-2.1298270225524902
-1.3208212852478027
-2.1466574668884277
-2.1492667198181152
-2.2175345420837402
-2.3109488487243652
-2.3104605674743652
-2.2950339317321777
-1.7264914512634277
-1.6989340782165527
-1.6708579063415527
-1.5949912071228027
-1.6195578575134277
-1.5970053672790527
-1.5805258750915527
-2.1119284629821777
-2.0222373008728027
-1.6254782676696777
-1.6712393760681152
-1.7133994102478027
-1.8306784629821777
-1.9585928916931152
-1.9265341758728027
-1.8740744590759277
-1.3051352500915527
-1.6869406700134277
-1.5871176719665527
-1.2424063682556152
-1.4403281211853027
-1.5325675010681152
-1.4036154747009277
-1.2417960166931152
-1.3268179893493652
-1.4260306358337402
-1.3752951622009277
-1.8805289268493652
-2.0255179405212402
-2.1118674278259277
-2.1163077354431152
-2.1390280723571777
-2.1216788291931152
-2.1025137901306152
-1.3664298057556152
-2.1055045127868652
-2.1315665245056152
-2.3293204307556152
-1.8974814414978027
-1.9761252403259277
-1.6347861289978027
-1.9578757286071777
-2.1180930137634277
-2.0778708457946777
-1.6896872520446777
-2.0879569053649902
-1.8171133995056152
-1.9538474082946777
-1.6512503623962402
-1.6146750450134277
-1.9416556358337402
-1.9319205284118652
-1.9542288780212402
-1.9769949913024902
-1.9986319541931152
-2.0916342735290527
-2.0856070518493652
-2.0790915489196777
-2.0759482383728027
-2.0356955528259277
-1.9789938926696777
-1.7944846153259277
-1.9306845664978027
-1.9617209434509277
-1.8965048789978027
-1.8794455528259277
-1.8616690635681152
-1.8433127403259277
-1.2978262901306152
-1.2819876670837402
-1.5164694786071777
-1.4621024131774902
-1.6201224327087402
-1.2541403770446777
-1.5068564414978027
-1.5655722618103027
-1.6620230674743652
-1.3105216026306152
-1.8105673789978027
-1.8770499229431152
-2.0131888389587402
-2.0277304649353027
-2.0686697959899902
-1.3057761192321777
-2.2554678916931152
-2.0994009971618652
-2.3394675254821777
-2.0038657188415527
-1.4470877647399902
-1.7361350059509277
-1.6947379112243652
-1.6829276084899902
-1.6881155967712402
-1.6930899620056152
-2.1307272911071777
-1.8393912315368652
-1.8089652061462402
-2.0289511680603027
-2.0925955772399902
-1.9206442832946777
-2.0792746543884277
-1.9113516807556152
-1.9414267539978027
-2.0218710899353027
-1.5539908409118652
-1.8196616172790527
-1.9731192588806152
-2.0885825157165527
-1.9259696006774902
-2.0630393028259277
-1.8297019004821777
-1.9872488975524902
-1.9226431846618652
-1.8713431358337402
-1.9775290489196777
-1.7259268760681152
-1.8704733848571777
-1.7995810508728027
-1.6519064903259277
-1.2890830039978027
-1.7072196006774902
-1.6332907676696777
-1.4914908409118652
-1.5069632530212402
-1.5405478477478027
-1.5588889122009277
-1.4391989707946777
-1.2965598106384277
-1.3556265830993652
-1.4736838340759277
-1.4863791465759277
-1.5532431602478027
-1.6308188438415527
-1.4294180870056152
-1.5815329551696777
-1.7920432090759277
-1.3244223594665527
-1.8688864707946777
-1.9487814903259277
-1.3083548545837402
-1.3119711875915527
-2.1167502403259277
-1.4236502647399902
-2.2871298789978027
-1.7376608848571777
-1.7619528770446777
-2.0476889610290527
-1.6636099815368652
-2.0738577842712402
-1.9946951866149902
-1.8148245811462402
-1.9043173789978027
-1.8177695274353027
-1.7878317832946777
-1.7991538047790527
-1.7376303672790527
-1.7355246543884277
-1.7353720664978027
-1.7380118370056152
-1.3631033897399902
-1.3473715782165527
-1.6455893516540527
-1.3302817344665527
-1.8631949424743652
-1.5281882286071777
-1.7503409385681152
-1.7200675010681152
-1.3061423301696777
-1.4863638877868652
-1.6270499229431152
-1.3111777305603027
-1.4164938926696777
-1.5330862998962402
-1.6154837608337402
-2.0481467247009277
-2.0456442832946777
-2.0452628135681152
-2.0465750694274902
-2.0528159141540527
-2.1415152549743652
-2.1869711875915527
-2.2201895713806152
-2.2055716514587402
-1.3608298301696777
-2.2080588340759277
-2.1940054893493652
-2.3172812461853027
-2.3058829307556152
-2.1192831993103027
-2.3020224571228027
-1.4341025352478027
-2.0939688682556152
-2.1993613243103027
-2.0992331504821777
-2.2255454063415527
-2.0265402793884277
-1.5423178672790527
-1.9308676719665527
-1.9057974815368652
-1.7220053672790527
-1.9957175254821777
-1.7923331260681152
-1.8253226280212402
-2.1212363243103027
-2.0214896202087402
-2.0484366416931152
-1.7705740928649902
-1.7347464561462402
-2.0167288780212402
-2.0645346641540527
-1.9293723106384277
-1.4881796836853027
-1.8789725303649902
-1.8257803916931152
-1.8165640830993652
-1.7706961631774902
-1.7449393272399902
-1.7119650840759277
-1.9309592247009277
-1.6226553916931152
-1.6172232627868652
-1.5293631553649902
-1.4942069053649902
-1.4585776329040527
-1.3389487266540527
-1.4651389122009277
-1.6213278770446777
-1.4245352745056152
-1.5160880088806152
-1.5168662071228027
-1.7743887901306152
-1.4299216270446777
-1.8821310997009277
-1.8776907920837402
-1.8748679161071777
-1.8740744590759277
-1.8907370567321777
-2.0192770957946777
-2.0646872520446777
-1.3598227500915527
-1.3635764122009277
-2.1190237998962402
-2.1602072715759277
-2.2278647422790527
-2.2105307579040527
-2.0735526084899902
-1.4071707725524902
-2.0312399864196777
-1.4443564414978027
-1.6810202598571777
-2.1553854942321777
-1.5397543907165527
-2.1120810508728027
-1.3496451377868652
-2.0729575157165527
-2.0080466270446777
-1.9388175010681152
-1.8516898155212402
-1.8826804161071777
-2.0675711631774902
-2.0897421836853027
-2.1207633018493652
-2.0191245079040527
-1.7419791221618652
-1.6559805870056152
-1.6792044639587402
-1.5612692832946777
-1.5153403282165527
-1.4726004600524902
-1.5588278770446777
-1.4386496543884277
-1.3666892051696777
-1.4041953086853027
-1.3942923545837402
-1.4063162803649902
-1.4175009727478027
-1.4277396202087402
-1.5065970420837402
-1.5821127891540527
-1.6494650840759277
-1.7716116905212402
-1.7619833946228027
-1.5618643760681152
-1.6844992637634277
-1.8597159385681152
-1.8374991416931152
-1.8171286582946777
-1.4200339317321777
-1.9604697227478027
-2.0181479454040527
-2.1004385948181152
-2.1027426719665527
-2.1020865440368652
-2.1175131797790527
-1.4137320518493652
-2.1607565879821777
-2.1410117149353027
-2.1132102012634277
-2.0583701133728027
-1.9955191612243652
-1.9493460655212402
-1.9096274375915527
-1.9370322227478027
-2.0840964317321777
-2.1261191368103027
-2.0883078575134277
-2.1080832481384277
-2.1240134239196777
-2.1117911338806152
-2.1008810997009277
-1.4582114219665527
-1.6605582237243652
-1.4410758018493652
-1.6535696983337402
-1.6092581748962402
-1.5597891807556152
-1.5059866905212402
-1.5981497764587402
-1.8005423545837402
-1.8523001670837402
-1.3971304893493652
-1.4783377647399902
-1.4817557334899902
-1.3638815879821777
-1.3483176231384277
-1.3323569297790527
-1.6397910118103027
-1.7614035606384277
-1.8866477012634277
-1.8819937705993652
-1.9801230430603027
-1.9647574424743652
-1.9988913536071777
-2.0860495567321777
-2.1497550010681152
-2.1339926719665527
-2.1164145469665527
-2.0963950157165527
-2.1722617149353027
-2.1138968467712402
-1.4611563682556152
-2.0814261436462402
-2.1592154502868652
-2.1189169883728027
-2.1559195518493652
-1.4995474815368652
-2.0461935997009277
-2.1346335411071777
-1.6842398643493652
-2.1564536094665527
-2.1445822715759277
-2.1052756309509277
-2.0873160362243652
-2.0688223838806152
-1.9649252891540527
-1.9883322715759277
-2.0246787071228027
-2.1410117149353027
-2.1493735313415527
-1.7302908897399902
-1.6429495811462402
-1.5201468467712402
-1.5948233604431152
-1.6407370567321777
-1.6860556602478027
-1.4677023887634277
-1.6120505332946777
-1.5235037803649902
-1.4453482627868652
-1.4996848106384277
-1.6587119102478027
-1.6772818565368652
-1.6969504356384277
-1.4163870811462402
-1.4124045372009277
-1.3463187217712402
-1.5261893272399902
-1.3185477256774902
-1.4418387413024902
-1.3266043663024902
-1.3119406700134277
-1.2969107627868652
-1.6136069297790527
-1.6085410118103027
-1.6057944297790527
-1.6052908897399902
-1.6987051963806152
-1.8372397422790527
-1.9950003623962402
-2.0783438682556152
-1.9597525596618652
-2.0799612998962402
-1.9001975059509277
-1.9261069297790527
-1.9507956504821777
-2.1159110069274902
-2.0236868858337402
-1.5855612754821777
-1.7354483604431152
-2.1323447227478027
-1.8072104454040527
-1.8426108360290527
-2.1629691123962402
-2.0185751914978027
-2.0320944786071777
-2.0487570762634277
-2.0578055381774902
-1.6389670372009277
-1.6920981407165527
-1.7102103233337402
-1.7290091514587402
-1.4155631065368652
-1.4826407432556152
-1.7195181846618652
-1.6471304893493652
-1.4012656211853027
-1.5613913536071777
-1.6725974082946777
-1.6433615684509277
-1.7659049034118652
-1.7313132286071777
-1.8332571983337402
-1.9071097373962402
-1.6091361045837402
-1.5514578819274902
-2.0426230430603027
-2.0216574668884277
-1.8845877647399902
-1.8555045127868652
-1.8257498741149902
-1.7953085899353027
-1.5251517295837402
-2.0161948204040527
-1.5060019493103027
-1.8408102989196777
-1.5095572471618652
-1.9228873252868652
-1.7466330528259277
-1.9214987754821777
-2.1288046836853027
-2.0697226524353027
-2.0679526329040527
-2.0688529014587402
-2.0705924034118652
-2.0733237266540527
-1.9694876670837402
-2.1573691368103027
-2.0121207237243652
-2.1200766563415527
-2.0234274864196777
-1.6295676231384277
-1.6477866172790527
-1.5009818077087402
-1.6206107139587402
-1.6546225547790527
-1.7220969200134277
-1.7395987510681152
-1.7572836875915527
-1.4139761924743652
-1.5268912315368652
-1.5297141075134277
-1.3298544883728027
-1.6024680137634277
-1.2543082237243652
-1.4440970420837402
-1.2202048301696777
-1.5204520225524902
-1.5135397911071777
-1.6264700889587402
-1.7200217247009277
-1.7799277305603027
-1.9471030235290527
-1.6573538780212402
-2.0036673545837402
-1.5987143516540527
-1.5719351768493652
-2.0811972618103027
-2.1012473106384277
-1.5485129356384277
-1.7849020957946777
-1.5557456016540527
-2.1487174034118652
-1.9632163047790527
-2.1304373741149902
-2.1319785118103027
-1.8546805381774902
-2.1646933555603027
-1.9835715293884277
-1.9258627891540527
-1.8726706504821777
-1.8177390098571777
-1.7611289024353027
-1.6552329063415527
-1.7270255088806152
-1.8685202598571777
-1.6643576622009277
-1.6141867637634277
-1.7648062705993652
-1.5711569786071777
-1.4677634239196777
-1.7662100791931152
-1.1957297325134277
-1.5568900108337402
-1.4699301719665527
-1.4677786827087402
-1.5801596641540527
-1.5518393516540527
-1.6738181114196777
-1.8224997520446777
-1.8273825645446777
-1.9265494346618652
-1.9094901084899902
-1.7561087608337402
-1.6332755088806152
-1.9852805137634277
-1.9011282920837402
-1.7057547569274902
-2.0242362022399902
-1.6464438438415527
-2.0662589073181152
-1.6192984580993652
-2.0871176719665527
-1.5955405235290527
-1.7018027305603027
-1.6028037071228027
-1.7876486778259277
-2.1931357383728027
-2.2125754356384277
-2.0030875205993652
-1.9143729209899902
-2.0472464561462402
-1.9119315147399902
-1.7109732627868652
-2.1238150596618652
-2.0423483848571777
-1.9081931114196777
-1.7088675498962402
-2.1392111778259277
-2.0383200645446777
-1.9044547080993652
-1.7031302452087402
-2.1494040489196777
-2.1527457237243652
-2.1260428428649902
-2.0821433067321777
-2.0791068077087402
-2.0160574913024902
-1.8197531700134277
-1.9046988487243652
-2.0767874717712402
-1.8261771202087402
-1.7065939903259277
-1.6099143028259277
-1.6494650840759277
-1.6887869834899902
-1.4647116661071777
-1.6237845420837402
-1.6263632774353027
-1.8553366661071777
-1.6294150352478027
-1.6677603721618652
-1.7210288047790527
-1.3303122520446777
-1.6541342735290527
-1.1484427452087402
-1.2220206260681152
-1.1895956993103027
-1.2212271690368652
-1.2088522911071777
-1.7756247520446777
-1.8861746788024902
-1.8648276329040527
-1.8750967979431152
-1.7368369102478027
-1.9607748985290527
-1.9514060020446777
-2.0208945274353027
-1.5112357139587402
-1.7539114952087402
-1.6942496299743652
-2.0938162803649902
-1.6668753623962402
-1.6468710899353027
-1.6504874229431152
-2.1870017051696777
-1.8875784873962402
-2.1339316368103027
-2.0414633750915527
-2.1395316123962402
-2.1757407188415527
-2.1632895469665527
-2.1540579795837402
-2.1177268028259277
-2.0957846641540527
-2.1139121055603027
-2.1221213340759277
-2.0526938438415527
-2.0866599082946777
-1.9923148155212402
-1.7231345176696777
-1.7339682579040527
-1.7146048545837402
-1.5179800987243652
-1.7715811729431152
-1.8548331260681152
-1.6418967247009277
-1.4312644004821777
-1.5451254844665527
-1.6976370811462402
-1.4454398155212402
-1.3156638145446777
-1.2535300254821777
-1.4553885459899902
-1.3740592002868652
-1.2825675010681152
-1.4625449180603027
-1.4467673301696777
-1.8180747032165527
-1.6873373985290527
-1.9098715782165527
-1.9994559288024902
-2.0219626426696777
-2.0488028526306152
-2.0698142051696777
-2.0698752403259277
-1.5939841270446777
-1.6796317100524902
-1.8255362510681152
-1.9647727012634277
-1.9947257041931152
-2.0235037803649902
-2.0513205528259277
-2.2023673057556152
-2.1447958946228027
-2.0267691612243652
-2.1365866661071777
-2.1555075645446777
-2.0750021934509277
-1.8470816612243652
-1.7278189659118652
-2.0035910606384277
-2.1176657676696777
-2.0252127647399902
-2.0859580039978027
-1.6298422813415527
-1.7336325645446777
-1.7901358604431152
-1.8423819541931152
-1.4839072227478027
-1.6624503135681152
-1.7145285606384277
-1.3976035118103027
-1.7226767539978027
-1.7257895469665527
-1.7275595664978027
-1.7278647422790527
-1.7932486534118652
-1.2751059532165527
-1.1838126182556152
-1.1084799766540527
-1.4001212120056152
-1.1734824180603027
-1.2008872032165527
-1.5028433799743652
-1.4532675743103027
-1.9617667198181152
-2.0391135215759277
-2.0796103477478027
-1.4357199668884277
-2.0633902549743652
-1.4608664512634277
-1.5695090293884277
-1.8341422080993652
-2.1821341514587402
-2.0521292686462402
-2.1235709190368652
-2.0883841514587402
-2.0351767539978027
-2.1655631065368652
-2.1113181114196777
-1.9020895957946777
-2.0546622276306152
-2.0338034629821777
-1.9561057090759277
-2.1642661094665527
-2.0016684532165527
-1.7086539268493652
-1.9136557579040527
-2.0505270957946777
-1.5132651329040527
-2.0594840049743652
-2.0638480186462402
-2.0711112022399902
-1.9369101524353027
-1.9071249961853027
-1.8536581993103027
-1.4496054649353027
-1.7625327110290527
-1.7268881797790527
-1.3035483360290527
-1.3640646934509277
-1.6349692344665527
-1.4243216514587402
-1.1674399375915527
-1.5273032188415527
-1.4965262413024902
-1.4657492637634277
-1.4352316856384277
-1.3727011680603027
-2.0088553428649902
-1.9421439170837402
-1.3889060020446777
-1.9816641807556152
-2.0790915489196777
-1.4381003379821777
-1.8409323692321777
-1.6895651817321777
-1.8364005088806152
-2.1275534629821777
-2.1380667686462402
-2.0936331748962402
-2.1303305625915527
-1.9156851768493652
-1.8388113975524902
-1.9375510215759277
-1.7527823448181152
-1.7467093467712402
-1.7341818809509277
-1.7277274131774902
-1.9131064414978027
-1.7777304649353027
-1.8886160850524902
-2.1115012168884277
-1.9402670860290527
-1.9478659629821777
-2.0592856407165527
-2.0590872764587402
-1.8952994346618652
-1.7068839073181152
-1.8758139610290527
-1.8560385704040527
-1.8237662315368652
-1.8116812705993652
-1.8058981895446777
-1.8036856651306152
-1.4255881309509277
-1.2269339561462402
-1.1406149864196777
-1.1451621055603027
-1.1915488243103027
-1.1750998497009277
-1.2814993858337402
-1.4721884727478027
-1.4472708702087402
-1.3552756309509277
-1.8548331260681152
-1.8349356651306152
-1.7811179161071777
-1.9351096153259277
-2.0253195762634277
-2.0447745323181152
-1.3431601524353027
-2.1158347129821777
-1.3671927452087402
-1.3913016319274902
-1.8692221641540527
-1.8739523887634277
-1.7247824668884277
-1.9251456260681152
-1.9640402793884277
-2.0704550743103027
-2.1318259239196777
-1.9485678672790527
-2.0967001914978027
-2.2032370567321777
-2.0858664512634277
-2.0235953330993652
-1.7752280235290527
-1.6880393028259277
-1.6501517295837402
-1.8335471153259277
-1.8907675743103027
-2.1490988731384277
-2.0182089805603027
-2.0652060508728027
-1.8788809776306152
-1.7893118858337402
-1.6888785362243652
-1.7533164024353027
-1.8485465049743652
-1.6483054161071777
-1.8283133506774902
-1.7726035118103027
-1.1588797569274902
-1.2014212608337402
-1.0770163536071777
-1.2226767539978027
-1.1934561729431152
-1.7021079063415527
-1.5469565391540527
-1.3066306114196777
-1.3029685020446777
-2.1491904258728027
-2.1381430625915527
-2.0875449180603027
-2.1636252403259277
-1.6128592491149902
-1.9663443565368652
-2.0406851768493652
-2.1221671104431152
-2.2136893272399902
-2.1601767539978027
-2.1812033653259277
-2.0533041954040527
-2.1893668174743652
-1.7857260704040527
-1.7251181602478027
-1.7094473838806152
-1.5801138877868652
-1.7557883262634277
-1.6309409141540527
-1.8766989707946777
-1.9924826622009277
-2.0137076377868652
-2.0721335411071777
-2.1047263145446777
-1.9687552452087402
-1.9495596885681152
-1.6358695030212402
-1.7495017051696777
-1.7489981651306152
-1.7325186729431152
-1.7159476280212402
-1.7038321495056152
-1.8701376914978027
-1.6449027061462402
-1.7704672813415527
-1.5544333457946777
-1.4601950645446777
-1.6989340782165527
-1.2375388145446777
-1.0873007774353027
-1.0609183311462402
-1.1714682579040527
-1.2271323204040527
-1.1747031211853027
-1.4296317100524902
-1.4079031944274902
-1.5336508750915527
-1.5006003379821777
-1.6341452598571777
-1.6171317100524902
-1.8062338829040527
-1.9094748497009277
-1.9024100303649902
-1.2825369834899902
-1.9878745079040527
-2.0008139610290527
-2.1830649375915527
-2.1702628135681152
-1.9922995567321777
-1.9985861778259277
-2.1050314903259277
-2.2142844200134277
-2.1724753379821777
-1.5881400108337402
-2.0979971885681152
-1.7159323692321777
-1.8202567100524902
-1.7406210899353027
-1.5483908653259277
-1.6570639610290527
-1.6311392784118652
-1.5118460655212402
-1.5612845420837402
-1.6172995567321777
-2.0324912071228027
-1.9105887413024902
-2.0087332725524902
-1.8915610313415527
-2.0499472618103027
-1.9544730186462402
-1.9061942100524902
-2.0245108604431152
-1.9492087364196777
-1.5609183311462402
-1.4059195518493652
-1.7550253868103027
-1.7472281455993652
-1.8473410606384277
-1.6999869346618652
-1.5962424278259277
-1.4206595420837402
-1.7298331260681152
-1.5506339073181152
-1.3858695030212402
-1.1006064414978027
-1.1230063438415527
-1.0401053428649902
-1.3413290977478027
-1.1769156455993652
-1.4573416709899902
-1.4301047325134277
-1.5042624473571777
-1.7571005821228027
-1.2696127891540527
-2.2085471153259277
-2.1889700889587402
-1.3551230430603027
-2.0914664268493652
-2.0683341026306152
-2.0770773887634277
-2.1823325157165527
-2.0845084190368652
-2.1522269248962402
-2.0646567344665527
-1.6457724571228027
-1.7461905479431152
-1.5654959678649902
-1.6668143272399902
-1.4748587608337402
-1.5793967247009277
-1.4689688682556152
-1.4573111534118652
-1.5640769004821777
-1.4514517784118652
-1.5586142539978027
-1.7886404991149902
-1.8510184288024902
-2.0206503868103027
-1.9094901084899902
-2.0441794395446777
-2.0244803428649902
-2.0106711387634277
-2.0333456993103027
-1.8210806846618652
-1.9410910606384277
-1.6210227012634277
-1.4651236534118652
-1.7160239219665527
-1.7156729698181152
-1.6469016075134277
-1.4964346885681152
-1.1547141075134277
-1.0425772666931152
-1.4925284385681152
-1.2722373008728027
-1.3738913536071777
-1.3691763877868652
-1.3666434288024902
-1.3662467002868652
-1.6877341270446777
-1.6545310020446777
-1.2497611045837402
-1.2462210655212402
-2.0201163291931152
-2.1377615928649902
-2.1357626914978027
-2.2804160118103027
-2.1628012657165527
-2.0374350547790527
-2.0388083457946777
-2.1930594444274902
-2.1652884483337402
-2.1738486289978027
-2.1866965293884277
-1.6714682579040527
-1.4910788536071777
-1.4978995323181152
-1.4329733848571777
-1.5372977256774902
-1.8399863243103027
-1.8397727012634277
-2.0092978477478027
-2.1044974327087402
-1.9885916709899902
-2.0547232627868652
-2.0095419883728027
-1.8400015830993652
-1.6468405723571777
-1.6965994834899902
-1.3383231163024902
-1.3052878379821777
-1.2213339805603027
-1.3951773643493652
-1.3817496299743652
-1.3735404014587402
-1.3449301719665527
-1.2489981651306152
-2.2827506065368652
-2.2475638389587402
-2.1567740440368652
-2.1901144981384277
-2.2098593711853027
-2.1986289024353027
-2.1853537559509277
-2.1278281211853027
-2.0158133506774902
-1.5008749961853027
-1.5167441368103027
-1.4193930625915527
-1.5215964317321777
-1.6400961875915527
-1.8290457725524902
-2.0905661582946777
-2.0814566612243652
-2.0591483116149902
-1.8584036827087402
-1.8304953575134277
-1.5446677207946777
-1.6752066612243652
-1.6021323204040527
-1.4830222129821777
-1.5760855674743652
-1.5903220176696777
-1.6069235801696777
-1.6248373985290527
-1.7515311241149902
-1.6605124473571777
-1.7021842002868652
-1.6892752647399902
-1.6800436973571777
-1.3562827110290527
-1.2067770957946777
-1.3227286338806152
-1.1207480430603027
-1.2002768516540527
-1.0514883995056152
-1.2371115684509277
-1.2169241905212402
-1.2068991661071777
-1.3990378379821777
-1.4685263633728027
-1.9115500450134277
-1.9066367149353027
-1.9903159141540527
-2.0057730674743652
-2.3074088096618652
-2.1946921348571777
-1.4498190879821777
-2.0877737998962402
-2.0553793907165527
-2.1531577110290527
-2.1814627647399902
-2.2128653526306152
-2.1740012168884277
-1.9538779258728027
-2.0327048301696777
-1.5972800254821777
-1.5209555625915527
-1.4101614952087402
-1.4125266075134277
-1.6303305625915527
-1.6939291954040527
-1.7568564414978027
-1.7039542198181152
-1.9373679161071777
-1.8862509727478027
-2.0632376670837402
-1.8848776817321777
-1.8765006065368652
-1.9437613487243652
-1.4670462608337402
-1.6523032188415527
-1.3990683555603027
-1.5056967735290527
-1.5238852500915527
-1.5434775352478027
-1.5637259483337402
-1.6194205284118652
-1.3738608360290527
-1.6489920616149902
-1.6240134239196777
-1.2084403038024902
-1.3398184776306152
-1.3460745811462402
-1.1220602989196777
-1.2097373008728027
-1.4338278770446777
-1.4128928184509277
-1.5059714317321777
-1.6621298789978027
-1.8247580528259277
-1.9258017539978027
-2.0024771690368652
-2.1204428672790527
-1.2579092979431152
-2.1603598594665527
-2.1698813438415527
-2.3204398155212402
-2.3220114707946777
-1.9682517051696777
-2.0899558067321777
-2.1554160118103027
-1.7601218223571777
-1.5396475791931152
-1.8024802207946777
-1.8612265586853027
-1.9185996055603027
-2.2032523155212402
-2.2051596641540527
-1.8112387657165527
-1.6605734825134277
-1.5974478721618652
-1.4323477745056152
-1.3545126914978027
-1.3961844444274902
-1.3545737266540527
-1.4048972129821777
-1.5737509727478027
-1.8721518516540527
-1.8209280967712402
-1.9800772666931152
-2.0789542198181152
-2.0788168907165527
-1.4011588096618652
-2.0483298301696777
-1.6660971641540527
-1.9403281211853027
-1.9771323204040527
-1.7018790245056152
-1.7973380088806152
-1.4439902305603027
-1.6117758750915527
-1.7128348350524902
-1.3917593955993652
-1.6163077354431152
-1.5729117393493652
-1.6265616416931152
-1.2108817100524902
-1.5850272178649902
-1.1236166954040527
-1.2195639610290527
-1.0613150596618652
-1.5141043663024902
-1.3236441612243652
-1.2472128868103027
-1.4488272666931152
-1.4268393516540527
-1.8407492637634277
-1.9393820762634277
-1.9183402061462402
-2.0143637657165527
-2.1359000205993652
-1.3103384971618652
-2.1613364219665527
-2.3307242393493652
-2.1511282920837402
-2.3343710899353027
-2.2147116661071777
-2.1834769248962402
-2.1541190147399902
-1.8045096397399902
-2.1552939414978027
-2.1228690147399902
-2.0292258262634277
-2.1726584434509277
-1.9583182334899902
-1.8937888145446777
-1.5112509727478027
-1.4358115196228027
-1.3725638389587402
-1.3409628868103027
-1.3471884727478027
-1.8030600547790527
-2.0273947715759277
-0.48270177841186523
-1.8875021934509277
-1.9472861289978027
-1.9836935997009277
-1.6297202110290527
-1.3675284385681152
-1.5441336631774902
-1.2141318321228027
-1.5587363243103027
-1.1259818077087402
-1.5178427696228027
-1.5145621299743652
-1.0667929649353027
-1.4693198204040527
-1.3284049034118652
-1.5517783164978027
-1.9525656700134277
-1.9553427696228027
-1.2261862754821777
-2.0262351036071777
-2.0545401573181152
-2.1084189414978027
-2.1676535606384277
-2.3385977745056152
-1.4180045127868652
-2.0916800498962402
-2.0400290489196777
-1.9916739463806152
-1.9468894004821777
-1.4043936729431152
-2.1353507041931152
-2.1742453575134277
-1.7005667686462402
-2.1628012657165527
-2.1070456504821777
-2.1539664268493652
-2.0267081260681152
-1.8142752647399902
-1.5870413780212402
-1.5214133262634277
-1.2821249961853027
-1.2610983848571777
-1.3274741172790527
-1.5032248497009277
-1.5617880821228027
-1.6694846153259277
-1.8566794395446777
-1.9654746055603027
-2.0393881797790527
-1.9728903770446777
-1.8629050254821777
-1.1492819786071777
-1.7961478233337402
-1.5194754600524902
-1.3344779014587402
-1.6047263145446777
-1.4576315879821777
-1.5938162803649902
-1.5040793418884277
-1.4817862510681152
-1.4561057090759277
-1.4567313194274902
-1.4551291465759277
-1.3156027793884277
-1.3329520225524902
-1.2960104942321777
-1.4688010215759277
-1.4518027305603027
-1.5838217735290527
-1.2422385215759277
-1.7184653282165527
-1.2326865196228027
-2.0018057823181152
-2.3023428916931152
-2.0211386680603027
-2.0415549278259277
-1.5067191123962402
-2.2111868858337402
-2.2045493125915527
-2.1799826622009277
-2.1373496055603027
-2.0827841758728027
-1.3428397178649902
-2.2113242149353027
-2.1203207969665527
-1.5122733116149902
-1.4479269981384277
-1.2907919883728027
-1.2968344688415527
-1.2836661338806152
-1.2791037559509277
-1.2487082481384277
-1.3187308311462402
-1.4209189414978027
-1.3872580528259277
-1.9066519737243652
-1.9226279258728027
-2.0427298545837402
-1.5860953330993652
-1.8679099082946777
-1.7262473106384277
-1.8293967247009277
-1.6327719688415527
-1.7363181114196777
-1.5015311241149902
-1.2888388633728027
-1.4652304649353027
-1.4872794151306152
-1.4282889366149902
-1.5116324424743652
-1.3508200645446777
-1.5287528038024902
-1.4284110069274902
-1.4322562217712402
-1.4839835166931152
-1.3188834190368652
-1.4695639610290527
-1.4660849571228027
-1.6975607872009277
-1.2487387657165527
-1.7636313438415527
-1.7256522178649902
-1.9835715293884277
-2.0800375938415527
-1.9197897911071777
-2.1267447471618652
-2.2978568077087402
-2.3364768028259277
-1.5146994590759277
-2.2163443565368652
-2.2130942344665527
-2.1963400840759277
-2.0860037803649902
-2.2070975303649902
-2.1459403038024902
-2.0878653526306152
-2.0666403770446777
-1.9590201377868652
-1.4404959678649902
-1.3684439659118652
-1.2942252159118652
-1.3014121055603027
-1.2416586875915527
-1.3598837852478027
-1.4700827598571777
-1.5305838584899902
-1.5922751426696777
-2.0006918907165527
-1.9732718467712402
-2.0302481651306152
-1.9277091026306152
-1.9764761924743652
-1.9953970909118652
-1.6684775352478027
-1.2104086875915527
-1.4355063438415527
-1.1847128868103027
-1.1096396446228027
-1.4070181846618652
-1.3740286827087402
-1.6000876426696777
-1.5616354942321777
-1.5745749473571777
-1.2551321983337402
-1.8939719200134277
-1.8729453086853027
-1.2455191612243652
-1.9388480186462402
-1.9663901329040527
-1.9926047325134277
-2.1182913780212402
-1.5225577354431152
-2.0900778770446777
-1.8327841758728027
-2.1373953819274902
-1.7376151084899902
-1.7367300987243652
-1.6634116172790527
-1.5860953330993652
-1.5901694297790527
-1.4073843955993652
-1.4897971153259277
-1.7350668907165527
-1.8572440147399902
-1.9484305381774902
-2.0726218223571777
-1.8725180625915527
-1.8804068565368652
-1.5989127159118652
-1.4108328819274902
-1.4821677207946777
-1.4663138389587402
-1.4032034873962402
-1.4172873497009277
-1.4193167686462402
-1.3835043907165527
-1.3549094200134277
-1.3844351768493652
-1.6013998985290527
-1.5684103965759277
-1.7114920616149902
-1.6656699180603027
-1.8108115196228027
-1.7694296836853027
-2.0470786094665527
-2.0813345909118652
-1.7952017784118652
-2.0651602745056152
-2.1718802452087402
-2.3026785850524902
-1.3456168174743652
-2.0669150352478027
-1.9475150108337402
-1.4482321739196777
-1.8936820030212402
-1.7329306602478027
-2.0532431602478027
-2.0810446739196777
-1.9817709922790527
-2.1108756065368652
-2.0018515586853027
-1.8117117881774902
-1.5116629600524902
-1.5137381553649902
-1.3016867637634277
-1.2095541954040527
-1.2329001426696777
-1.2967886924743652
-1.4311118125915527
-1.5458121299743652
-2.0628256797790527
-1.5994009971618652
-1.4251914024353027
-1.2961935997009277
-1.1392416954040527
-1.1396231651306152
-1.2531943321228027
-1.4510397911071777
-1.5109000205993652
-1.2998709678649902
-1.5931296348571777
-1.5740866661071777
-1.7102560997009277
-1.5586447715759277
-1.2954306602478027
-1.2655234336853027
-1.9026083946228027
-1.8751883506774902
-1.2622275352478027
-1.9571280479431152
-1.2816519737243652
-1.3052878379821777
-2.1945395469665527
-1.3288931846618652
-2.2796835899353027
-1.7993674278259277
-2.0890097618103027
-2.0138754844665527
-2.0877890586853027
-2.1000876426696777
-1.8710074424743652
-1.3690848350524902
-1.2130789756774902
-1.2079977989196777
-1.2027945518493652
-1.3424124717712402
-1.3732962608337402
-1.9546866416931152
-2.0629630088806152
-2.0676169395446777
-1.5577902793884277
-1.2561697959899902
-1.1777701377868652
-1.4266257286071777
-1.5097861289978027
-1.2903952598571777
-1.4813132286071777
-1.3545432090759277
-1.5169577598571777
-1.7100882530212402
-1.6710410118103027
-1.3298697471618652
-1.8452811241149902
-2.0481162071228027
-2.0793662071228027
-2.0379080772399902
-1.6500296592712402
-2.0815329551696777
-2.0864462852478027
-2.1640067100524902
-2.1752371788024902
-2.0927634239196777
-2.1192984580993652
-2.1309409141540527
-1.4382987022399902
-1.8372092247009277
-2.1362204551696777
-2.0582175254821777
-2.0161490440368652
-1.8659567832946777
-1.4353690147399902
-1.3661856651306152
-1.2162833213806152
-1.2209830284118652
-1.2113547325134277
-1.2168784141540527
-1.2062582969665527
-1.2126517295837402
-1.2011008262634277
-1.2082877159118652
-1.2407736778259277
-1.3713278770446777
-1.5058493614196777
-1.6007742881774902
-1.7557425498962402
-1.8786673545837402
-1.9501852989196777
-2.0295004844665527
-2.0175070762634277
-1.7785696983337402
-1.6902213096618652
-1.6503958702087402
-1.6097769737243652
-1.2014212608337402
-1.3743185997009277
-1.3023428916931152
-1.5819907188415527
-1.3066458702087402
-1.6989493370056152
-1.6725058555603027
-1.5125174522399902
-1.4825034141540527
-1.3936514854431152
-1.6958060264587402
-1.3030753135681152
-1.6399435997009277
-1.8805136680603027
-1.9830832481384277
-1.9724173545837402
-1.6011710166931152
-2.0086112022399902
-2.0861105918884277
-2.0842185020446777
-2.0795340538024902
-2.1688284873962402
-2.2244772911071777
-1.6086020469665527
-1.6315054893493652
-1.6541190147399902
-1.7560324668884277
-1.8360190391540527
-2.0170340538024902
-2.1957144737243652
-2.1412100791931152
-2.1207480430603027
-1.4308981895446777
-1.2170004844665527
-1.2094931602478027
-1.2044272422790527
-1.1992239952087402
-1.2043204307556152
-1.2367453575134277
-1.3691611289978027
-1.4419760704040527
-1.5008139610290527
-1.7504172325134277
-1.8739829063415527
-1.9464316368103027
-2.0264945030212402
-1.9458975791931152
-1.8974356651306152
-1.8895010948181152
-1.6136527061462402
-1.7637534141540527
-1.3943686485290527
-1.3114829063415527
-1.2349753379821777
-1.5244040489196777
-1.6413321495056152
-1.0877280235290527
-1.5922751426696777
-1.5701804161071777
-1.0769553184509277
-1.0992331504821777
-1.2402091026306152
-1.8039603233337402
-1.7667288780212402
-1.6714682579040527
-1.9794363975524902
-2.0128378868103027
-2.0785574913024902
-2.0183615684509277
-1.5379843711853027
-2.1133933067321777
-1.3544058799743652
-1.3788962364196777
-1.5089468955993652
-1.7542166709899902
-2.1307578086853027
-1.8009238243103027
-1.5045371055603027
-1.4263358116149902
-1.2884268760681152
-1.2128500938415527
-1.2087607383728027
-1.2045493125915527
-1.2002158164978027
-1.2256064414978027
-1.2325797080993652
-1.4226279258728027
-1.4370932579040527
-1.4955954551696777
-1.5373435020446777
-1.7450461387634277
-1.8693747520446777
-2.0240073204040527
-1.8659720420837402
-1.8966422080993652
-1.9782462120056152
-2.0259604454040527
-2.0502371788024902
-1.8376059532165527
-1.5776724815368652
-1.7161612510681152
-1.3855185508728027
-1.1448569297790527
-1.3815512657165527
-1.0238699913024902
-1.0375876426696777
-1.1309256553649902
-1.2810873985290527
-1.2438101768493652
-1.5664572715759277
-1.7500357627868652
-1.8941092491149902
-1.8598380088806152
-1.9779562950134277
-1.9580283164978027
-1.9779715538024902
-1.4909873008728027
-2.0518088340759277
-1.5055899620056152
-2.0513205528259277
-1.5719962120056152
-1.4908652305603027
-1.9901328086853027
-1.9735617637634277
-2.0367789268493652
-2.0230307579040527
-2.0797324180603027
-2.1184592247009277
-2.1287741661071777
-2.0864310264587402
-2.0901694297790527
-1.8512778282165527
-1.7239737510681152
-1.5753226280212402
-1.3517813682556152
-1.2045035362243652
-1.2003073692321777
-1.2282462120056152
-1.3169150352478027
-1.7201437950134277
-1.8392386436462402
-2.0218253135681152
-1.6059165000915527
-2.0376181602478027
-1.7738394737243652
-1.8217368125915527
-1.7840018272399902
-1.3870596885681152
-1.5786185264587402
-1.7154593467712402
-1.6922659873962402
-1.0023550987243652
-1.2428488731384277
-1.5630240440368652
-1.5323538780212402
-1.5016531944274902
-1.8833670616149902
-1.8558096885681152
-1.9628653526306152
-1.8948721885681152
-2.0736594200134277
-2.0851798057556152
-2.0600485801696777
-1.5696463584899902
-1.8605856895446777
-2.1560416221618652
-2.0558676719665527
-1.9778342247009277
-1.9340109825134277
-1.3532156944274902
-1.2764792442321777
-1.2794241905212402
-1.2269949913024902
-1.2716574668884277
-1.3205618858337402
-1.1224417686462402
-1.4016318321228027
-2.0046286582946777
-1.5930075645446777
-1.3796286582946777
-1.3642630577087402
-1.3350119590759277
-1.3258872032165527
-1.5702261924743652
-1.7231650352478027
-1.3786673545837402
-1.3396964073181152
-1.4168448448181152
-1.2997794151306152
-1.2942404747009277
-1.1252493858337402
-1.8535513877868652
-1.8599753379821777
-1.7216086387634277
-1.9038901329040527
-1.9437613487243652
-1.4147543907165527
-2.0065054893493652
-2.0385489463806152
-2.0230917930603027
-1.4349112510681152
-1.5673117637634277
-1.6449637413024902
-1.7086691856384277
-1.7800192832946777
-1.9668784141540527
-2.0633749961853027
-2.1046042442321777
-2.1231131553649902
-2.1258902549743652
-1.8610587120056152
-1.4931693077087402
-1.2722983360290527
-1.2303366661071777
-1.2244162559509277
-1.6663718223571777
-1.8911490440368652
-1.9142355918884277
-2.0132193565368652
-1.4913687705993652
-1.1382651329040527
-1.9507498741149902
-1.9877676963806152
-1.9262290000915527
-1.3607077598571777
-1.8685050010681152
-1.3888297080993652
-1.6665244102478027
-1.8077292442321777
-1.5620322227478027
-1.3664145469665527
-1.4028220176696777
-1.1091208457946777
-1.2069296836853027
-1.4058737754821777
-1.7700095176696777
-1.8331809043884277
-1.6064200401306152
-1.5751852989196777
-1.9475607872009277
-1.9448142051696777
-1.9278311729431152
-1.4802603721618652
-2.0276389122009277
-2.0237784385681152
-2.0976004600524902
-2.1171774864196777
-1.4727530479431152
-2.1038260459899902
-2.1843771934509277
-2.0866751670837402
-1.8374228477478027
-2.0289969444274902
-1.9037985801696777
-1.7114157676696777
-1.6373038291931152
-1.2599387168884277
-1.2389578819274902
-1.2247366905212402
-1.2677054405212402
-1.4230093955993652
-1.5992636680603027
-1.9387412071228027
-1.9465079307556152
-1.7461295127868652
-1.8927054405212402
-2.0458121299743652
-2.0720725059509277
-1.9169974327087402
-1.9430441856384277
-1.3548941612243652
-1.3845725059509277
-1.3873801231384277
-1.5408682823181152
-1.6313223838806152
-1.7627005577087402
-1.8385519981384277
-1.5540823936462402
-0.9523062705993652
-1.1962485313415527
-1.4479422569274902
-1.5696158409118652
-1.8115134239196777
-1.3483939170837402
-1.7656149864196777
-2.0238242149353027
-2.0222830772399902
-2.0227866172790527
-1.9104819297790527
-2.0611472129821777
-2.0130515098571777
-2.0801901817321777
-2.1370902061462402
-2.2350821495056152
-1.4457602500915527
-1.8188986778259277
-2.0402579307556152
-1.8279929161071777
-1.4657492637634277
-1.4080862998962402
-1.3255667686462402
-1.2508597373962402
-1.7228140830993652
-1.9800620079040527
-1.7153525352478027
-1.3742575645446777
-1.8523459434509277
-1.3689780235290527
-1.3771414756774902
-1.3860831260681152
-1.8292899131774902
-1.3751425743103027
-1.5897574424743652
-1.5828757286071777
-1.3402915000915527
-1.0572104454040527
-1.2635092735290527
-0.9461569786071777
-0.9522604942321777
-1.0480551719665527
-1.1850333213806152
-1.3954062461853027
-1.3265128135681152
-1.8675742149353027
-1.9876608848571777
-1.8616232872009277
-2.1481375694274902
-2.1678366661071777
-1.5776572227478027
-2.1684775352478027
-2.2367911338806152
-1.5174155235290527
-1.9942831993103027
-1.8889517784118652
-1.9389700889587402
-2.1527304649353027
-1.9862418174743652
-2.0488333702087402
-2.1322226524353027
-2.1088004112243652
-2.1125082969665527
-2.0858664512634277
-1.9771933555603027
-1.7745871543884277
-1.6751456260681152
-1.7007040977478027
-1.6015982627868652
-1.6265006065368652
-1.4748892784118652
-1.4003958702087402
-1.3167929649353027
-1.3722281455993652
-1.4184775352478027
-1.6554770469665527
-2.0238699913024902
-2.0349631309509277
-1.9340109825134277
-1.9668173789978027
-1.8902029991149902
-1.8616995811462402
-1.6799979209899902
-1.3263144493103027
-1.4343619346618652
-1.2887167930603027
-0.9774069786071777
-1.2500967979431152
-1.2513480186462402
-0.9792380332946777
-1.3727011680603027
-1.5517325401306152
-1.6700644493103027
-1.6798300743103027
-1.3110861778259277
-1.7616782188415527
-1.8450980186462402
-1.2978415489196777
-1.9594626426696777
-1.6532950401306152
-2.1500296592712402
-2.1952719688415527
-2.2236533164978027
-2.2207846641540527
-1.6454062461853027
-2.1917471885681152
-2.2788901329040527
-1.4938101768493652
-1.8396353721618652
-1.9772696495056152
-1.8113303184509277
-1.8647513389587402
-1.9157309532165527
-1.9639945030212402
-2.1641440391540527
-2.0152945518493652
-2.0307974815368652
-1.4666800498962402
-1.2681326866149902
-1.3124289512634277
-1.3759665489196777
-1.4823660850524902
-1.6597800254821777
-1.9862570762634277
-1.6781363487243652
-1.8442435264587402
-2.0235800743103027
-2.0533194541931152
-1.9579672813415527
-1.6912131309509277
-1.6010642051696777
-1.8424277305603027
-1.1556296348571777
-1.1724448204040527
-1.1429953575134277
-1.3500876426696777
-1.5273337364196777
-1.6406455039978027
-1.6571860313415527
-1.2893881797790527
-1.7638754844665527
-1.8221487998962402
-1.7220206260681152
-2.2643027305603027
-2.1028800010681152
-1.7404990196228027
-2.1304678916931152
-1.7673544883728027
-1.4703269004821777
-2.0099692344665527
-1.7865042686462402
-1.8404135704040527
-1.8924307823181152
-1.9418234825134277
-2.1488547325134277
-2.1343131065368652
-1.2276816368103027
-0.9482321739196777
-2.1520133018493652
-1.2861533164978027
-1.2817740440368652
-1.2772269248962402
-1.3627219200134277
-1.4710898399353027
-1.5899710655212402
-1.7243094444274902
-2.0374045372009277
-1.9944663047790527
-1.7309165000915527
-1.3699393272399902
-1.3970999717712402
-1.5300040245056152
-1.2562155723571777
-1.1072745323181152
-1.1925253868103027
-1.1538443565368652
-1.3556876182556152
-1.4727377891540527
-1.6133933067321777
-1.6268057823181152
-1.2619986534118652
-1.7985587120056152
-2.0093894004821777
-2.0360922813415527
-2.1022543907165527
-2.1513876914978027
-2.3017477989196777
-1.8897147178649902
-2.0794882774353027
-1.8158011436462402
-1.8687949180603027
-2.1221060752868652
-2.1317343711853027
-2.1387839317321777
-2.1397147178649902
-1.7243552207946777
-1.6500601768493652
-1.4446616172790527
-1.4907431602478027
-1.7882895469665527
-1.7116904258728027
-1.9405264854431152
-1.7863516807556152
-1.9968161582946777
-2.0341544151306152
-1.7702383995056152
-1.9291739463806152
-1.8518424034118652
-1.3511404991149902
-1.3411307334899902
-1.4703421592712402
-1.6359000205993652
-1.3387351036071777
-0.9275107383728027
-0.9191184043884277
-1.0304465293884277
-1.1263175010681152
-1.3611960411071777
-1.3898520469665527
-1.4189352989196777
-1.5825400352478027
-1.2541708946228027
-1.9719901084899902
-1.9789481163024902
-2.0629172325134277
-1.3332419395446777
-1.8812766075134277
-1.5508780479431152
-2.1393027305603027
-2.1386923789978027
-1.5875449180603027
-2.1078848838806152
-1.6405997276306152
-1.4930319786071777
-1.4203085899353027
-1.4148764610290527
-1.4093070030212402
-1.3682150840759277
-1.4717764854431152
-1.8864188194274902
-2.0109457969665527
-1.9987082481384277
-1.6077780723571777
-1.3869528770446777
-1.4823660850524902
-1.6504721641540527
-1.7079520225524902
-1.3494315147399902
-1.1555228233337402
-1.2467551231384277
-1.1716361045837402
-1.5657401084899902
-1.6745047569274902
-1.9478812217712402
-1.2526297569274902
-1.2721304893493652
-2.0945792198181152
-1.2916464805603027
-2.2026572227478027
-2.1070761680603027
-1.8302359580993652
-2.0803275108337402
-2.2188620567321777
-1.6684622764587402
-2.0461935997009277
-2.0819907188415527
-1.9363455772399902
-1.7588248252868652
-2.1419119834899902
-2.1296133995056152
-2.1140799522399902
-2.0135092735290527
-1.8502097129821777
-1.6311392784118652
-1.6560721397399902
-1.5755972862243652
-1.4018149375915527
-1.4649405479431152
-1.3781332969665527
-1.5055136680603027
-2.0623373985290527
-2.0317282676696777
-1.8559775352478027
-1.6941428184509277
-1.9752097129821777
-1.3123984336853027
-1.2941489219665527
-1.3909659385681152
-1.3625998497009277
-0.9191031455993652
-1.2000174522399902
-1.1632590293884277
-1.1141867637634277
-1.5177817344665527
-1.5171256065368652
-1.5273947715759277
-1.2563834190368652
-1.5434775352478027
-1.8305563926696777
-2.0051779747009277
-2.0928549766540527
-2.1119742393493652
-2.3093466758728027
-2.1097617149353027
-2.0748038291931152
-1.9807333946228027
-1.6912741661071777
-1.7584738731384277
-2.0733695030212402
-2.0237326622009277
-2.0210623741149902
-2.1458029747009277
-2.0279135704040527
-2.1114096641540527
-1.8395285606384277
-1.6947836875915527
-1.6410422325134277
-1.4650931358337402
-1.5558829307556152
-1.5219016075134277
-1.4300131797790527
-1.4772391319274902
-1.5307517051696777
-1.6827750205993652
-1.7433218955993652
-1.8031973838806152
-2.0678610801696777
-1.7161459922790527
-1.8617148399353027
-1.9615836143493652
-1.9273581504821777
-1.9712882041931152
-1.9726920127868652
-1.7980551719665527
-1.8503317832946777
-1.2510275840759277
-1.3342490196228027
-1.2526755332946777
-1.6816000938415527
-1.0202231407165527
-1.3309378623962402
-1.5951437950134277
-1.5988516807556152
-1.1706748008728027
-1.2645468711853027
-1.1535849571228027
-1.1133627891540527
-1.2610220909118652
-1.6366171836853027
-1.7704672813415527
-2.1421561241149902
-2.0851950645446777
-2.0555777549743652
-1.4563956260681152
-2.0242056846618652
-2.0489859580993652
-2.0713095664978027
-2.0900168418884277
-1.7490439414978027
-1.7950339317321777
-1.6394095420837402
-2.0809836387634277
-2.0899710655212402
-2.1045737266540527
-2.0162558555603027
-1.5255331993103027
-1.5925192832946777
-1.5362143516540527
-1.7717185020446777
-2.0762381553649902
-2.0481467247009277
-1.8897299766540527
-1.7378134727478027
-2.0033011436462402
-2.0118918418884277
-1.6349997520446777
-1.7210135459899902
-1.6922812461853027
-1.2225394248962402
-1.2082877159118652
-1.4487204551696777
-1.3810324668884277
-1.5319418907165527
-1.5482840538024902
-1.0913443565368652
-1.2296195030212402
-1.2184958457946777
-1.3201498985290527
-1.3480124473571777
-1.3761954307556152
-1.5309500694274902
-1.5788474082946777
-1.9204154014587402
-2.0448050498962402
-2.2327322959899902
-2.1492209434509277
-2.2299551963806152
-2.2850699424743652
-1.4845786094665527
-2.1183981895446777
-2.1599631309509277
-1.9675498008728027
-2.0622153282165527
-1.9337515830993652
-1.7390341758728027
-2.1415305137634277
-1.9890341758728027
-1.9214835166931152
-1.7426047325134277
-1.7685141563415527
-1.5870413780212402
-1.6756186485290527
-1.6697897911071777
-1.6637473106384277
-1.5472769737243652
-1.9488272666931152
-2.0038809776306152
-1.9752402305603027
-1.9669089317321777
-1.8572287559509277
-1.7859244346618652
-1.7988028526306152
-1.7086997032165527
-1.6225638389587402
-1.3877158164978027
-1.3148550987243652
-1.4279227256774902
-1.3849692344665527
-1.5697379112243652
-1.5436301231384277
-0.9487662315368652
-1.1531424522399902
-1.5065207481384277
-1.2264304161071777
-1.1730093955993652
-1.4912924766540527
-1.2385306358337402
-1.5217337608337402
-1.5841116905212402
-1.2211203575134277
-1.8785605430603027
-1.8754782676696777
-1.2993521690368652
-2.2148489952087402
-2.0900168418884277
-2.0914664268493652
-1.9926505088806152
-2.1217856407165527
-2.1321005821228027
-2.1129202842712402
-2.1652426719665527
-1.6708731651306152
-2.0943350791931152
-2.0383353233337402
-1.1020255088806152
-2.0377097129821777
-1.9746756553649902
-1.8207755088806152
-1.6434988975524902
-1.6138510704040527
-1.7828269004821777
-1.6636862754821777
-1.7785086631774902
-1.8351950645446777
-2.0812430381774902
-1.8625540733337402
-1.5933432579040527
-1.9170432090759277
-2.0072989463806152
-1.9034781455993652
-1.6765952110290527
-1.6948752403259277
-1.5208945274353027
-1.2889761924743652
-1.5513663291931152
-1.3248190879821777
-1.4607748985290527
-1.2170004844665527
-1.4637351036071777
-1.4645133018493652
-1.4796652793884277
-1.2210135459899902
-1.1657156944274902
-1.4519400596618652
-1.4675498008728027
-1.2693839073181152
-1.4371695518493652
-1.5745596885681152
-2.1368918418884277
-2.2007956504821777
-1.9725241661071777
-2.0584006309509277
-2.1011862754821777
-1.6495413780212402
-1.7046408653259277
-1.7596945762634277
-1.8144278526306152
-2.0988974571228027
-2.1571402549743652
-1.1111655235290527
-2.0146842002868652
-2.0623679161071777
-2.1139578819274902
-2.0138754844665527
-1.9049582481384277
-1.7316794395446777
-1.9493460655212402
-1.9945883750915527
-2.0345206260681152
-1.8428549766540527
-2.0777945518493652
-1.8957266807556152
-1.8500723838806152
-2.0254111289978027
-1.8713278770446777
-1.9987082481384277
-1.6532034873962402
-1.6190695762634277
-1.3900046348571777
-1.1151022911071777
-1.4223380088806152
-1.2307333946228027
-1.1131491661071777
-1.3467612266540527
-1.5110831260681152
-1.2469687461853027
-1.0320944786071777
-1.0561881065368652
-1.0828452110290527
-1.2338614463806152
-1.1531119346618652
-1.1548361778259277
-1.1553244590759277
-1.4939017295837402
-1.2417654991149902
-1.7777609825134277
-1.2435660362243652
-1.2631583213806152
-2.0386710166931152
-2.1268820762634277
-1.9970755577087402
-2.0508933067321777
-2.0348258018493652
-2.0244498252868652
-2.0276083946228027
-1.9784445762634277
-2.0751242637634277
-2.1256003379821777
-2.0881400108337402
-2.0802206993103027
-2.0682272911071777
-1.7328238487243652
-2.0656027793884277
-2.0515341758728027
-2.1064505577087402
-2.0293784141540527
-2.0378165245056152
-1.8258566856384277
-2.0296835899353027
-1.8205618858337402
-2.0226340293884277
-2.0168814659118652
-1.8101859092712402
-1.8568778038024902
-1.9940695762634277
-1.9905905723571777
-1.9479269981384277
-1.9132590293884277
-1.8692984580993652
-1.8211264610290527
-1.1795401573181152
-1.1325583457946777
-1.3432517051696777
-1.3638052940368652
-1.1731619834899902
-1.1010947227478027
-1.2775321006774902
-1.0413565635681152
-1.0631918907165527
-1.0880179405212402
-1.1149191856384277
-1.2666525840759277
-1.2289175987243652
-1.1875967979431152
-1.4689841270446777
-1.2997641563415527
-1.3835501670837402
-1.4119467735290527
-1.2405753135681152
-1.5866599082946777
-1.7073721885681152
-1.2485709190368652
-1.9081168174743652
-1.9835410118103027
-1.2883963584899902
-2.0513205528259277
-2.1485648155212402
-2.1160635948181152
-2.1654410362243652
-1.3778281211853027
-1.9783835411071777
-2.0074973106384277
-2.0616507530212402
-1.6667990684509277
-2.0567221641540527
-1.9617056846618652
-2.0422568321228027
-1.9722495079040527
-2.0153250694274902
-2.0420584678649902
-1.6643576622009277
-2.0539908409118652
-1.9447531700134277
-1.9066977500915527
-1.8168845176696777
-1.7661795616149902
-1.1933646202087402
-1.1057028770446777
-1.4153800010681152
-1.0667471885681152
-1.4150900840759277
-1.3720297813415527
-1.3281912803649902
-1.2985892295837402
-1.2618308067321777
-1.2136130332946777
-1.2214865684509277
-1.7042136192321777
-1.2532706260681152
-1.9325003623962402
-2.0047812461853027
-1.3138632774353027
-2.1049551963806152
-2.1021170616149902
-2.1008200645446777
-2.0347342491149902
-2.1376242637634277
-2.0935873985290527
-2.0581107139587402
-1.9907431602478027
-1.5823569297790527
-1.9390769004821777
-2.0767111778259277
-2.1483359336853027
-2.0104880332946777
-2.0632987022399902
-1.9194693565368652
-2.0202231407165527
-2.0714468955993652
-2.0819907188415527
-1.6964926719665527
-2.0751090049743652
-1.8850302696228027
-1.9886069297790527
-2.0488791465759277
-1.2982993125915527
-1.9599509239196777
-1.9963431358337402
-2.0392966270446777
-2.0147452354431152
-1.9872031211853027
-1.9391989707946777
-1.9005026817321777
-1.8581290245056152
-1.8119559288024902
-1.2179770469665527
-1.5264639854431152
-1.6105093955993652
-1.4268088340759277
-1.1415915489196777
-1.5106558799743652
-1.1103262901306152
-1.2741599082946777
-1.2602133750915527
-1.3766531944274902
-1.3891043663024902
-1.3509116172790527
-1.3379569053649902
-1.3215384483337402
-1.2514700889587402
-1.2549033164978027
-1.4388937950134277
-1.5572257041931152
-1.6502280235290527
-1.2640280723571777
-1.6780295372009277
-1.7834372520446777
-1.2782797813415527
-1.8698019981384277
-1.2987570762634277
-1.9561362266540527
-1.9546561241149902
-1.3191733360290527
-2.0569357872009277
-2.0533499717712402
-2.0512595176696777
-2.1039328575134277
-2.0369925498962402
-2.0306296348571777
-1.9040427207946777
-1.5353293418884277
-1.9672293663024902
-2.1102652549743652
-1.1996512413024902
-2.0609030723571777
-2.0518088340759277
-1.9781851768493652
-1.9352164268493652
-1.6181235313415527
-1.2254538536071777
-1.4548392295837402
-1.3528952598571777
-1.4079947471618652
-1.1994986534118652
-1.2222800254821777
-1.3790946006774902
-1.4591727256774902
-1.3258872032165527
-1.3699393272399902
-1.4361319541931152
-1.4052939414978027
-1.3337759971618652
-1.3069815635681152
-1.2884726524353027
-1.2904410362243652
-1.2910819053649902
-1.4934287071228027
-1.5525107383728027
-1.2893271446228027
-1.7070364952087402
-1.7207846641540527
-2.0022788047790527
-2.0650534629821777
-1.9904379844665527
-1.9739584922790527
-1.8311514854431152
-1.9723715782165527
-2.1358084678649902
-2.0584311485290527
-2.0531210899353027
-2.0376486778259277
-1.9690604209899902
-1.7189230918884277
-1.3036398887634277
-1.2630667686462402
-1.3625540733337402
-1.3703665733337402
-1.1493582725524902
-1.6088309288024902
-1.4405264854431152
-1.0193076133728027
-1.3926901817321777
-1.4765830039978027
-1.2620902061462402
-1.3662161827087402
-1.4466300010681152
-1.1037955284118652
-1.0755057334899902
-1.0058493614196777
-1.3730368614196777
-1.2511801719665527
-1.4948172569274902
-1.7396140098571777
-1.8210501670837402
-1.9030814170837402
-1.9842123985290527
-2.0376791954040527
-2.0019125938415527
-1.9437155723571777
-1.9255728721618652
-2.0865836143493652
-1.7774405479431152
-1.5484824180603027
-2.0779471397399902
-2.1052298545837402
-1.9996542930603027
-2.0938925743103027
-2.1182303428649902
-2.0880331993103027
-2.0378165245056152
-2.0174002647399902
-2.0070395469665527
-2.0023703575134277
-1.8633933067321777
-1.8279166221618652
-1.7917685508728027
-1.7549948692321777
-1.8885397911071777
-1.3627219200134277
-1.3881430625915527
-1.3258872032165527
-1.5746817588806152
-1.3652853965759277
-1.3700003623962402
-1.5189414024353027
-1.7074637413024902
-1.5070853233337402
-1.4438529014587402
-1.5608115196228027
-1.6084952354431152
-1.0337729454040527
-1.5603232383728027
-0.9827017784118652
-1.5111441612243652
-1.4659476280212402
-1.2843070030212402
-1.2666373252868652
-1.2393546104431152
-1.2218070030212402
-1.2225394248962402
-1.2220969200134277
-1.2204794883728027
-1.4410605430603027
-1.4416861534118652
-1.4445242881774902
-1.4497427940368652
-1.5501456260681152
-1.3692221641540527
-1.7327628135681152
-1.9628195762634277
-1.9653525352478027
-1.4794516563415527
-1.9859519004821777
-1.9951071739196777
-1.7452139854431152
-1.7225546836853027
-1.6096701622009277
-1.9320120811462402
-2.1098532676696777
-2.0953269004821777
-2.1107535362243652
-2.1210227012634277
-2.0101065635681152
-1.8067526817321777
-1.9598288536071777
-1.9601340293884277
-1.8152365684509277
-1.4126181602478027
-1.3973441123962402
-1.5100150108337402
-1.3772177696228027
-1.5731558799743652
-1.8574271202087402
-1.8311667442321777
-1.3826651573181152
-1.7942099571228027
-1.2423148155212402
-1.6342215538024902
-1.1778311729431152
-1.3889822959899902
-1.1138663291931152
-1.6061301231384277
-1.4344534873962402
-1.3786215782165527
-1.5815787315368652
-0.9921469688415527
-1.5607504844665527
-1.5570578575134277
-1.5532279014587402
-0.9543814659118652
-1.3227744102478027
-1.1013388633728027
-1.2997641563415527
-1.2746176719665527
-1.2095389366149902
-1.4598288536071777
-1.4693198204040527
-1.5311026573181152
-1.6083426475524902
-1.4607596397399902
-1.5824179649353027
-1.7295432090759277
-1.4247336387634277
-1.7298941612243652
-1.8999686241149902
-1.8639731407165527
-1.9487509727478027
-2.0575461387634277
-1.5386252403259277
-1.7266440391540527
-1.7812705039978027
-1.8348593711853027
-1.6680960655212402
-2.0876822471618652
-1.7643179893493652
-2.0234580039978027
-2.1085562705993652
-2.1101126670837402
-2.1093192100524902
-1.9313864707946777
-2.0562033653259277
-1.9661612510681152
-1.9119162559509277
-1.9127860069274902
-1.4413352012634277
-1.8533682823181152
-1.3743796348571777
-1.3979086875915527
-1.3420767784118652
-1.3896689414978027
-1.7762656211853027
-1.7595725059509277
-1.3664145469665527
-1.3750815391540527
-0.9595389366149902
-1.1867117881774902
-1.4784293174743652
-1.4819540977478027
-1.5730490684509277
-1.6571249961853027
-1.5117545127868652
-1.6969046592712402
-1.8352408409118652
-1.8023428916931152
-1.7678885459899902
-1.5049948692321777
-1.8126578330993652
-1.8552603721618652
-1.9150290489196777
-1.5757498741149902
-2.0797934532165527
-1.6116385459899902
-2.0909781455993652
-2.1035971641540527
-1.9198203086853027
-1.6364951133728027
-2.0957846641540527
-2.0909323692321777
-2.0192618370056152
-2.0771842002868652
-1.7333426475524902
-2.0954184532165527
-2.0849967002868652
-1.8646292686462402
-1.9616141319274902
-1.9735770225524902
-1.9081168174743652
-1.8824057579040527
-1.8625693321228027
-1.8763327598571777
-1.8615164756774902
-1.7663474082946777
-1.7276511192321777
-1.6885275840759277
-1.8767905235290527
-1.6488547325134277
-1.5572867393493652
-1.7220511436462402
-1.3827872276306152
-1.3855795860290527
-1.3884940147399902
-1.4011740684509277
-1.3112235069274902
-1.2972159385681152
-1.0412039756774902
-1.2735800743103027
-1.1928915977478027
-1.1550192832946777
-1.1547751426696777
-1.1532034873962402
-1.5775198936462402
-1.6904349327087402
-1.7878012657165527
-1.7616019248962402
-1.6264853477478027
-1.7205557823181152
-1.7508292198181152
-1.9081015586853027
-1.8319754600524902
-1.8313498497009277
-1.6441245079040527
-1.6194510459899902
-1.8650107383728027
-1.9684195518493652
-1.9041037559509277
-1.5994772911071777
-1.6439414024353027
-1.9435324668884277
-1.9071097373962402
-1.9419455528259277
-1.5779318809509277
-1.6680655479431152
-2.0146079063415527
-1.9484305381774902
-1.5561270713806152
-1.8014578819274902
-2.1181387901306152
-1.5565848350524902
-1.8543295860290527
-2.1211752891540527
-1.9046530723571777
-2.1100058555603027
-2.0349783897399902
-2.0845084190368652
-1.9146170616149902
-1.7251334190368652
-1.7477927207946777
-1.7701010704040527
-1.9949393272399902
-1.8466086387634277
-1.8377585411071777
-1.9935050010681152
-1.9842123985290527
-1.8060050010681152
-1.8522238731384277
-1.8425345420837402
-1.3296561241149902
-1.8334403038024902
-1.6038260459899902
-1.5020194053649902
-1.2533316612243652
-1.3992209434509277
-0.9738059043884277
-1.3237357139587402
-0.9344229698181152
-0.9208121299743652
-1.2247061729431152
-1.1648764610290527
-1.1467337608337402
-1.5601553916931152
-1.5630545616149902
-1.5678305625915527
-1.5742850303649902
-1.6192984580993652
-1.8735251426696777
-1.9013571739196777
-2.0111441612243652
-1.8233389854431152
-1.9108786582946777
-1.9386038780212402
-2.0487265586853027
-1.8461508750915527
-2.0105185508728027
-2.0807089805603027
-1.9377188682556152
-1.8979086875915527
-2.0504965782165527
-1.9462943077087402
-2.0840048789978027
-1.9908804893493652
-2.1092734336853027
-2.1081442832946777
-2.1131491661071777
-1.5253958702087402
-2.0961813926696777
-2.1075644493103027
-2.1171774864196777
-2.0710043907165527
-1.5498709678649902
-2.0662589073181152
-1.9063010215759277
-1.9073996543884277
-1.9596152305603027
-1.7561087608337402
-1.7577109336853027
-1.6998953819274902
-1.6599020957946777
-1.7792258262634277
-1.6195883750915527
-1.5790610313415527
-1.5715079307556152
-1.6896109580993652
-1.3335471153259277
-1.7991995811462402
-1.7920432090759277
-1.7827506065368652
-1.5928854942321777
-1.1921591758728027
-0.9782309532165527
-1.3250632286071777
-0.9152121543884277
-1.1225943565368652
-1.1224722862243652
-1.1209006309509277
-1.6870322227478027
-1.6608328819274902
-1.6251273155212402
-1.6281027793884277
-1.6331229209899902
-1.7704520225524902
-1.7110495567321777
-1.7419638633728027
-1.9034323692321777
-1.8056693077087402
-1.8831686973571777
-1.9078879356384277
-1.9175009727478027
-1.4697318077087402
-1.9482474327087402
-1.9563040733337402
-1.9508566856384277
-1.9310202598571777
-2.1118369102478027
-1.8433279991149902
-2.0845084190368652
-2.0265707969665527
-2.0168967247009277
-1.8830313682556152
-1.7164969444274902
-1.5675406455993652
-2.0652060508728027
-1.9177756309509277
-1.7510733604431152
-1.9469656944274902
-1.7077078819274902
-1.9318289756774902
-1.6992239952087402
-1.8686728477478027
-1.6996665000915527
-1.7504782676696777
-1.7134757041931152
-1.7191367149353027
-1.6466269493103027
-1.3241171836853027
-1.3403220176696777
-1.3585410118103027
-1.5656485557556152
-1.1327414512634277
-0.9825797080993652
-0.9191031455993652
-1.2252249717712402
-1.2005209922790527
-1.1700491905212402
-1.1448721885681152
-1.1193137168884277
-1.6863455772399902
-1.4975180625915527
-1.8327841758728027
-1.7391257286071777
-1.7414145469665527
-1.7458395957946777
-1.7677664756774902
-1.4561820030212402
-1.8083853721618652
-1.4363455772399902
-1.8414511680603027
-1.8595023155212402
-1.8855795860290527
-1.8904166221618652
-1.9365134239196777
-1.9603934288024902
-2.0912528038024902
-1.9768881797790527
-2.0215964317321777
-2.1126303672790527
-2.0345206260681152
-1.9916892051696777
-2.0422873497009277
-2.0374197959899902
-2.0659689903259277
-1.8854117393493652
-2.0759177207946777
-1.9933218955993652
-1.5593314170837402
-1.9188132286071777
-1.6513266563415527
-1.7227072715759277
-1.9426169395446777
-1.6584219932556152
-1.7598929405212402
-1.2669272422790527
-1.5833029747009277
-1.1801810264587402
-1.4589438438415527
-1.3242239952087402
-1.3071494102478027
-0.9475302696228027
-0.9234976768493652
-1.2233176231384277
-1.1995596885681152
-1.1739706993103027
-1.1167807579040527
-1.5941519737243652
-1.5864768028259277
-1.5805106163024902
-1.6141867637634277
-1.5872397422790527
-1.4845480918884277
-1.7520956993103027
-1.4048056602478027
-1.8467612266540527
-1.3868765830993652
-1.9024405479431152
-1.9045767784118652
-1.4577841758728027
-1.7941794395446777
-1.6852316856384277
-1.8693442344665527
-1.6450095176696777
-1.6362509727478027
-1.9400992393493652
-1.6271872520446777
-1.6177268028259277
-1.9261374473571777
-1.5982565879821777
-1.6193747520446777
-1.6421256065368652
-1.6563162803649902
-1.2564749717712402
-1.2735190391540527
-1.2921805381774902
-1.3131003379821777
-1.6826987266540527
-1.6895651817321777
-1.4929404258728027
-1.0681357383728027
-1.3760581016540527
-1.0239462852478027
-1.3413596153259277
-0.9867300987243652
-1.2206778526306152
-1.2815756797790527
-0.9364676475524902
-1.1300864219665527
-1.1078238487243652
-1.5882773399353027
-1.5934958457946777
-1.4114584922790527
-1.6759848594665527
-1.3727164268493652
-1.8606467247009277
-1.9117026329040527
-1.8983817100524902
-1.3604025840759277
-1.9263815879821777
-2.0709433555603027
-1.9719138145446777
-2.0510001182556152
-2.0507254600524902
-1.8958334922790527
-1.8188834190368652
-1.4725546836853027
-1.8274741172790527
-1.7969717979431152
-1.5621085166931152
-1.7987112998962402
-1.6905264854431152
-1.9115958213806152
-1.8886618614196777
-1.5513968467712402
-1.5413565635681152
-1.5708975791931152
-1.2468314170837402
-1.2530112266540527
-1.5312552452087402
-1.5813040733337402
-1.5474905967712402
-1.2229819297790527
-1.4914908409118652
-1.6356406211853027
-1.2057547569274902
-1.4518637657165527
-1.4661459922790527
-1.0637412071228027
-1.0242514610290527
-1.3538413047790527
-0.9907126426696777
-1.3143973350524902
-1.0623679161071777
-0.9547019004821777
-1.2544455528259277
-1.2492575645446777
-1.1282706260681152
-1.1070914268493652
-1.0890860557556152
-1.0890860557556152
-1.0874838829040527
-1.5744986534118652
-1.4771323204040527
-1.4576621055603027
-1.4378561973571777
-1.4177298545837402
-1.5604453086853027
-1.7805228233337402
-1.8631644248962402
-1.3314108848571777
-1.8934378623962402
-1.8808188438415527
-2.0674643516540527
-1.6969199180603027
-1.7236533164978027
-1.7589468955993652
-1.7328085899353027
-1.5116019248962402
-1.7475180625915527
-1.7451987266540527
-1.7433524131774902
-1.7417807579040527
-1.8027243614196777
-1.7119803428649902
-1.6024069786071777
-1.4927268028259277
-1.4992575645446777
-1.5748343467712402
-1.5071768760681152
-1.5684714317321777
-1.5136313438415527
-1.4027304649353027
-1.5013480186462402
-1.6099600791931152
-1.1735739707946777
-1.4619650840759277
-1.6128287315368652
-1.5763144493103027
-1.3714499473571777
-1.3018851280212402
-1.2321982383728027
-1.3298697471618652
-1.1323904991149902
-1.2028708457946777
-1.1524863243103027
-1.0874228477478027
-1.0874075889587402
-1.4908957481384277
-1.4816184043884277
-1.3473258018493652
-1.5282340049743652
-1.5611166954040527
-1.3120322227478027
-1.6209769248962402
-1.2951254844665527
-1.6125235557556152
-1.6531882286071777
-1.8110404014587402
-2.0101981163024902
-1.9541983604431152
-2.0413107872009277
-1.8087363243103027
-1.7392783164978027
-1.6272330284118652
-1.7048239707946777
-1.5902304649353027
-1.7261557579040527
-1.6710410118103027
-1.8244833946228027
-1.5667471885681152
-1.6762442588806152
-1.8274283409118652
-1.5295615196228027
-1.4454703330993652
-1.4747214317321777
-1.7610373497009277
-1.6200003623962402
-1.3783469200134277
-1.5983786582946777
-1.5939536094665527
-1.4367575645446777
-1.5902457237243652
-1.4950156211853027
-1.1823477745056152
-1.2021842002868652
-1.2242331504821777
-1.3140463829040527
-1.2448325157165527
-1.1483359336853027
-1.0564932823181152
-1.3334403038024902
-1.2939200401306152
-1.2336020469665527
-1.2226614952087402
-1.1677603721618652
-1.1300406455993652
-1.1076560020446777
-1.4651389122009277
-1.2983603477478027
-1.4945425987243652
-1.6529288291931152
-1.8101401329040527
-1.6739859580993652
-1.7555289268493652
-1.2733054161071777
-1.7283072471618652
-1.9477438926696777
-1.7853751182556152
-1.2942862510681152
-1.7969260215759277
-1.7907919883728027
-1.9697470664978027
-1.7807059288024902
-1.7802939414978027
-1.7664694786071777
-1.7289023399353027
-1.7157340049743652
-1.7516684532165527
-1.5576376914978027
-1.5458426475524902
-1.6091818809509277
-1.7613425254821777
-1.7350974082946777
-1.4611258506774902
-1.7335257530212402
-1.8387045860290527
-1.4265952110290527
-1.7443747520446777
-1.7605185508728027
-1.7770285606384277
-1.7923331260681152
-1.6772665977478027
-1.7689719200134277
-1.6513571739196777
-1.5923819541931152
-1.5064597129821777
-1.4845633506774902
-1.4630789756774902
-1.4426169395446777
-1.6949515342712402
-1.4866995811462402
-1.3792777061462402
-1.4708609580993652
-1.5156912803649902
-1.4294486045837402
-1.2744803428649902
-1.3881583213806152
-1.5275626182556152
-1.5639700889587402
-1.2058463096618652
-1.1183524131774902
-1.4487357139587402
-1.2779746055603027
-1.1830649375915527
-1.1371512413024902
-1.1954245567321777
-1.2191061973571777
-1.4232230186462402
-1.3957571983337402
-1.5289359092712402
-1.3667807579040527
-1.3369650840759277
-1.2385306358337402
-1.2244009971618652
-1.1686758995056152
-1.1320242881774902
-1.1129508018493652
-1.1122031211853027
-1.4279990196228027
-1.5525565147399902
-1.4914755821228027
-1.5249075889587402
-1.5589346885681152
-1.8067221641540527
-1.6825156211853027
-1.2440390586853027
-1.7198538780212402
-1.2650198936462402
-1.8950247764587402
-1.7429251670837402
-1.3055472373962402
-1.8735861778259277
-1.8917136192321777
-1.9090628623962402
-1.7107291221618652
-1.9391531944274902
-1.7050375938415527
-1.7072958946228027
-1.6959738731384277
-1.4278159141540527
-1.7119803428649902
-1.7180228233337402
-1.5721335411071777
-1.8782706260681152
-1.7637381553649902
-1.6785178184509277
-1.8452811241149902
-1.6349539756774902
-1.7458090782165527
-1.6119284629821777
-1.3728537559509277
-1.4159140586853027
-1.3636374473571777
-1.6894736289978027
-1.7332968711853027
-1.5136923789978027
-1.6410117149353027
-1.3617453575134277
-1.5901236534118652
-1.2001242637634277
-1.5324912071228027
-1.3524680137634277
-1.2794394493103027
-1.4692893028259277
-1.3905997276306152
-1.1094565391540527
-1.1657614707946777
-1.5151267051696777
-1.3170523643493652
-1.2776083946228027
-1.1887259483337402
-1.1368765830993652
-1.4336295127868652
-1.3969016075134277
-1.5043082237243652
-1.4481863975524902
-1.5032095909118652
-1.2095694541931152
-1.5397086143493652
-1.2121024131774902
-1.5065054893493652
-1.5744986534118652
-1.2135672569274902
-1.7495169639587402
-1.6495718955993652
-1.2350058555603027
-1.5979666709899902
-1.8405203819274902
-1.8585562705993652
-1.6840720176696777
-1.2749381065368652
-1.7668356895446777
-1.8901724815368652
-1.9124655723571777
-1.9025168418884277
-1.9247641563415527
-1.6553854942321777
-1.9014639854431152
-1.6415915489196777
-1.6795248985290527
-1.3940787315368652
-1.6700491905212402
-1.6088004112243652
-1.8875632286071777
-1.6759543418884277
-1.6571249961853027
-1.4743704795837402
-1.6849570274353027
-1.6074423789978027
-1.8570609092712402
-1.8113150596618652
-1.6588644981384277
-1.5727133750915527
-1.6699881553649902
-1.6842551231384277
-1.6449790000915527
-1.6154532432556152
-1.5840964317321777
-1.6913352012634277
-1.3281607627868652
-1.6199698448181152
-1.3257498741149902
-1.6285605430603027
-1.6325125694274902
-1.5750327110290527
-1.5995841026306152
-1.0921835899353027
-1.5349936485290527
-1.0727438926696777
-1.4955496788024902
-1.5166525840759277
-1.5001883506774902
-1.1154227256774902
-1.4349417686462402
-1.4606223106384277
-1.3916678428649902
-1.3589987754821777
-1.3229422569274902
-1.2633109092712402
-1.2026877403259277
-1.1714072227478027
-1.1702322959899902
-1.4089255332946777
-1.1959433555603027
-1.6416525840759277
-1.4990134239196777
-1.7149558067321777
-1.6276907920837402
-1.8085532188415527
-1.8464255332946777
-1.8293967247009277
-1.8656210899353027
-1.5862631797790527
-1.6395468711853027
-1.8340811729431152
-1.5186667442321777
-1.5600333213806152
-1.5650382041931152
-1.8596701622009277
-1.5019431114196777
-1.7774863243103027
-1.4940695762634277
-1.6769309043884277
-1.6180319786071777
-1.4442801475524902
-1.6941885948181152
-1.6620993614196777
-1.3089804649353027
-1.5778403282165527
-1.2893118858337402
-1.5113730430603027
-1.0666098594665527
-1.4910941123962402
-1.1649374961853027
-1.3044943809509277
-1.4111990928649902
-1.4128165245056152
-1.4130759239196777
-1.4118857383728027
-1.3627219200134277
-1.3721213340759277
-1.3807578086853027
-1.3748984336853027
-1.3718161582946777
-1.3386435508728027
-1.3346762657165527
-1.3026328086853027
-1.3009848594665527
-1.2673392295837402
-1.2666678428649902
-1.3526206016540527
-1.1836142539978027
-1.4342398643493652
-1.3726401329040527
-1.4067435264587402
-1.4428915977478027
-1.6313223838806152
-1.7131552696228027
-1.2686057090759277
-1.7375235557556152
-1.5168204307556152
-1.5520529747009277
-1.7774252891540527
-1.5404410362243652
-1.8011527061462402
-1.8024954795837402
-1.5962119102478027
-1.4124808311462402
-1.4150595664978027
-1.4637198448181152
-1.4757132530212402
-1.7845053672790527
-1.6339163780212402
-1.5562491416931152
-1.4560294151306152
-1.4418234825134277
-1.4284262657165527
-1.2591910362243652
-1.3530478477478027
-1.0910086631774902
-1.0454764366149902
-1.4136710166931152
-1.3858695030212402
-1.3115439414978027
-1.3217062950134277
-1.3311972618103027
-1.3401236534118652
-1.3317008018493652
-1.4305167198181152
-1.4158835411071777
-1.3818869590759277
-1.4690756797790527
-1.4286093711853027
-1.1787772178649902
-1.4043478965759277
-1.5295004844665527
-1.5495505332946777
-1.4833121299743652
-1.5690360069274902
-1.4632468223571777
-1.5854086875915527
-1.4875998497009277
-1.6468100547790527
-1.5826468467712402
-1.5641684532165527
-1.5147757530212402
-1.5252127647399902
-1.7099356651306152
-1.5454764366149902
-1.3606009483337402
-1.7154288291931152
-1.3400168418884277
-1.3115439414978027
-1.3534445762634277
-1.3675589561462402
-1.3039145469665527
-1.3693442344665527
-1.6777853965759277
-1.2219901084899902
-1.1551260948181152
-1.1335043907165527
-1.2601828575134277
-1.0433859825134277
-1.4247946739196777
-1.4009909629821777
-1.2521567344665527
-1.2651724815368652
-1.1718039512634277
-1.4006857872009277
-1.1992850303649902
-1.4532675743103027
-1.2691092491149902
-1.6198935508728027
-1.4864249229431152
-1.4139761924743652
-1.2969565391540527
-1.2150931358337402
-1.1763205528259277
-1.2227072715759277
-1.5716147422790527
-1.1513571739196777
-1.2227072715759277
-1.2045493125915527
-1.5352530479431152
-1.1871390342712402
-1.5167288780212402
-1.0902915000915527
-1.1704459190368652
-1.2099661827087402
-1.1323142051696777
-1.0680899620056152
-1.0808920860290527
-1.4523978233337402
-1.4074912071228027
-1.3826041221618652
-1.3581595420837402
-1.2124381065368652
-1.2493185997009277
-1.1876273155212402
-1.2775168418884277
-1.1909079551696777
-1.3055624961853027
-1.1933798789978027
-1.3213400840759277
-1.2104086875915527
-1.3515372276306152
-1.2434592247009277
-1.3660330772399902
-1.2596640586853027
-1.3703513145446777
-1.2895712852478027
-1.3752646446228027
-1.3186545372009277
-1.4225668907165527
-1.4927878379821777
-1.3589835166931152
-1.5329184532165527
-1.5347189903259277
-1.2802481651306152
-1.4227652549743652
-1.1827750205993652
-1.1777548789978027
-1.1823325157165527
-1.1848349571228027
-1.2787070274353027
-1.2280020713806152
