-0.5658011436462402
-0.5694785118103027
-0.5755209922790527
-0.5779471397399902
-0.6235861778259277
-0.6651206016540527
-0.6347708702087402
-0.48608922958374023
-0.6973471641540527
-0.7472434043884277
-0.8190360069274902
-0.8145651817321777
-0.8836112022399902
-0.8966422080993652
-0.9181113243103027
-0.9144034385681152
-0.8633475303649902
-0.7087607383728027
-0.9772238731384277
-0.9398245811462402
-0.9337363243103027
-0.9408774375915527
-0.6372275352478027
-0.6083579063415527
-1.0468497276306152
-0.5309500694274902
-0.5515341758728027
-0.5134329795837402
-0.6420187950134277
-0.7825217247009277
-1.4045462608337402
-0.47551488876342773
-1.4242606163024902
-1.1277213096618652
-1.2536673545837402
-1.1303763389587402
-0.48485326766967773
-1.0590415000915527
-0.7878165245056152
-0.7262015342712402
-0.5631918907165527
-0.6276144981384277
-0.6370902061462402
-0.6916251182556152
-1.0652060508728027
-0.5280661582946777
-1.0491843223571777
-0.9675498008728027
-0.8112387657165527
-0.9175314903259277
-0.8959708213806152
-0.46510839462280273
-0.7253470420837402
-0.8283286094665527
-0.7668356895446777
-0.6859183311462402
-0.7903952598571777
-0.6474967002868652
-0.7511038780212402
-0.6099448204040527
-0.7106070518493652
-0.6146750450134277
-0.5121054649353027
-0.5707449913024902
-0.43091344833374023
-0.44225072860717773
-0.45273351669311523
-0.46230077743530273
-0.47095251083374023
-0.5469107627868652
-0.5498862266540527
-0.5524497032165527
-0.6021780967712402
-0.5015616416931152
-0.47511816024780273
-0.7272391319274902
-0.7665762901306152
-0.46738195419311523
-0.8077750205993652
-0.8869986534118652
-0.47128820419311523
-0.8945059776306152
-0.9675345420837402
-0.9021658897399902
-0.7411398887634277
-0.9846091270446777
-0.6688742637634277
-1.0212912559509277
-0.5090079307556152
-0.6059775352478027
-0.5594992637634277
-0.5782828330993652
-0.5961661338806152
-0.6131186485290527
-0.5019736289978027
-0.7100882530212402
-0.7737479209899902
-0.8855490684509277
-0.48761510848999023
-0.9358267784118652
-1.1150870323181152
-0.49707555770874023
-0.8302664756774902
-0.5393271446228027
-0.7674765586853027
-0.7316184043884277
-1.1182303428649902
-1.0902762413024902
-1.0167899131774902
-0.8535056114196777
-0.8774161338806152
-0.46071386337280273
-0.43652868270874023
-0.7865042686462402
-0.7055869102478027
-0.8173727989196777
-0.6645407676696777
-0.7764182090759277
-0.6295828819274902
-0.40401220321655273
-0.5010733604431152
-0.5074820518493652
-0.5140585899353027
-0.5206809043884277
-0.5271658897399902
-0.41698217391967773
-0.5730643272399902
-0.6203055381774902
-0.5320639610290527
-0.5469260215759277
-0.6220755577087402
-0.47910070419311523
-0.7058157920837402
-0.45537328720092773
-0.8279471397399902
-0.8718466758728027
-0.46501684188842773
-0.9214529991149902
-0.7713522911071777
-1.0681052207946777
-1.0624899864196777
-1.0277762413024902
-1.0234274864196777
-0.6985220909118652
-1.1143240928649902
-0.6364645957946777
-0.5163779258728027
-0.5765585899353027
-0.5627036094665527
-0.5242819786071777
-0.5143790245056152
-0.6789755821228027
-0.8739676475524902
-0.49750280380249023
-0.9274802207946777
-0.5018820762634277
-0.9801840782165527
-0.5050406455993652
-1.0310111045837402
-0.5069632530212402
-0.5076498985290527
-0.8055777549743652
-0.5524802207946777
-0.6290488243103027
-0.6483817100524902
-0.5959525108337402
-0.7277121543884277
-0.7703909873962402
-1.1273703575134277
-1.0642600059509277
-0.9219870567321777
-0.9409384727478027
-0.9099173545837402
-0.45291662216186523
-0.8597617149353027
-0.9671225547790527
-0.42738866806030273
-0.7616629600524902
-0.6812033653259277
-0.5989890098571777
-0.7096457481384277
-0.40295934677124023
-0.5274863243103027
-0.6095633506774902
-0.5047354698181152
-0.5444846153259277
-0.41228246688842773
-0.5289511680603027
-0.5316367149353027
-0.5339713096618652
-0.5558218955993652
-0.6341300010681152
-0.5125479698181152
-0.6009879112243652
-0.47185277938842773
-0.7209372520446777
-0.46167516708374023
-0.45154333114624023
-0.8463492393493652
-0.45528173446655273
-0.9757895469665527
-0.9356131553649902
-0.8485617637634277
-0.8244071006774902
-1.1088919639587402
-1.0681967735290527
-0.6987662315368652
-0.6650748252868652
-0.6177268028259277
-0.5609641075134277
-0.7109732627868652
-0.5179648399353027
-0.9655814170837402
-1.0200552940368652
-1.1204733848571777
-1.0704550743103027
-1.0174612998962402
-0.5440115928649902
-0.7589926719665527
-0.6465964317321777
-0.6325736045837402
-0.6128745079040527
-0.6864371299743652
-0.5921988487243652
-0.5706686973571777
-0.7648673057556152
-0.8079123497009277
-0.8779501914978027
-1.0659995079040527
-1.0418753623962402
-1.0166220664978027
-0.9903006553649902
-0.48833227157592773
-0.9826102256774902
-0.7850089073181152
-0.9099936485290527
-0.7377829551696777
-0.8660178184509277
-0.41293859481811523
-0.6922507286071777
-0.8205924034118652
-0.40799474716186523
-0.40155553817749023
-0.5674948692321777
-0.5118002891540527
-0.5529990196228027
-0.5307517051696777
-0.5459799766540527
-0.5625662803649902
-0.6250205039978027
-0.6498312950134277
-0.7754263877868652
-0.8206534385681152
-0.8180136680603027
-0.44191503524780273
-0.8911185264587402
-1.0930991172790527
-1.1207633018493652
-1.1167197227478027
-1.1133017539978027
-1.1104941368103027
-1.0808005332946777
-0.49913549423217773
-0.6456809043884277
-0.5489401817321777
-0.5688376426696777
-0.5879111289978027
-0.6061148643493652
-0.6233267784118652
-0.7395987510681152
-0.5341238975524902
-0.8761954307556152
-0.5566000938415527
-0.6662802696228027
-0.6617331504821777
-0.6473593711853027
-0.7232108116149902
-0.5843863487243652
-0.5616812705993652
-0.5017600059509277
-0.9545187950134277
-0.9012045860290527
-1.0242514610290527
-0.43117284774780273
-0.8225302696228027
-0.6570944786071777
-0.7905325889587402
-0.6968131065368652
-0.40077733993530273
-0.5161337852478027
-0.5588278770446777
-0.40996313095092773
-0.5327963829040527
-0.6045432090759277
-0.49445104598999023
-0.6981406211853027
-0.47005224227905273
-0.7585654258728027
-0.44360876083374023
-0.8085837364196777
-0.8598685264587402
-0.9549765586853027
-1.0116629600524902
-0.9645285606384277
-1.0239310264587402
-1.1351065635681152
-1.0960745811462402
-1.2306113243103027
-1.2257132530212402
-0.7814536094665527
-0.47084569931030273
-0.6633200645446777
-0.5588583946228027
-0.6037802696228027
-0.5787100791931152
-0.6507163047790527
-0.5681357383728027
-0.9635519981384277
-0.8803153038024902
-0.6138358116149902
-0.6339468955993652
-0.6742911338806152
-0.6594595909118652
-0.6391806602478027
-0.6178641319274902
-0.5956168174743652
-0.7586112022399902
-0.8272604942321777
-0.5129599571228027
-1.0208487510681152
-1.0591483116149902
-0.9712271690368652
-1.0971274375915527
-0.9175620079040527
-0.6574301719665527
-0.5416769981384277
-0.6346335411071777
-0.5246787071228027
-0.5547232627868652
-0.5360617637634277
-0.5560660362243652
-0.5720572471618652
-0.6192374229431152
-0.5002036094665527
-0.7297110557556152
-0.7936301231384277
-0.7937674522399902
-0.8388571739196777
-0.8834433555603027
-0.9899497032165527
-1.0875601768493652
-0.9431204795837402
-0.46079015731811523
-1.2507681846618652
-1.2258810997009277
-0.8364310264587402
-0.47980260848999023
-0.6783652305603027
-0.6327567100524902
-0.5663657188415527
-0.6592612266540527
-0.5701651573181152
-0.5722708702087402
-0.8047537803649902
-0.7105460166931152
-0.7346549034118652
-0.7564444541931152
-0.7757773399353027
-1.2609915733337402
-1.1526389122009277
-1.1219992637634277
-1.0447897911071777
-1.1695151329040527
-0.9728598594665527
-0.41679906845092773
-0.6658835411071777
-0.8157858848571777
-0.6579794883728027
-0.5728507041931152
-0.42934179306030273
-0.5254263877868652
-0.5366415977478027
-0.6231131553649902
-0.6462912559509277
-0.6740622520446777
-0.48109960556030273
-0.7538046836853027
-0.8021750450134277
-0.44484472274780273
-0.44833898544311523
-0.9855246543884277
-0.44952917098999023
-1.2907004356384277
-0.46851110458374023
-0.7966055870056152
-0.48650121688842773
-0.6765799522399902
-0.5920004844665527
-0.6117453575134277
-0.6305594444274902
-0.6483511924743652
-0.7727103233337402
-0.5891470909118652
-0.6135306358337402
-0.7988944053649902
-0.5553793907165527
-0.9393362998962402
-1.1356406211853027
-1.1816153526306152
-1.1040854454040527
-1.0799918174743652
-1.1072440147399902
-1.0892539024353027
-1.0692954063415527
-0.43295812606811523
-0.42897558212280273
-0.42282629013061523
-0.6192984580993652
-0.7633261680603027
-0.41501379013061523
-0.6130576133728027
-0.41965246200561523
-0.5191702842712402
-0.5383353233337402
-0.5515189170837402
-0.6089377403259277
-0.6239981651306152
-0.5240073204040527
-0.6355338096618652
-0.6767783164978027
-0.7564749717712402
-0.8435873985290527
-0.9020590782165527
-0.45128393173217773
-0.9625754356384277
-1.0427145957946777
-0.45604467391967773
-1.0038504600524902
-1.3650717735290527
-0.5270895957946777
-0.6382498741149902
-0.6242117881774902
-0.6168723106384277
-0.6101126670837402
-0.6150565147399902
-0.6218008995056152
-1.1425375938415527
-0.6213431358337402
-1.0667166709899902
-0.9863944053649902
-0.6514487266540527
-0.6976675987243652
-0.7881522178649902
-0.5863547325134277
-0.9648184776306152
-1.0172629356384277
-0.49817419052124023
-1.1331534385681152
-1.0124716758728027
-0.47279882431030273
-0.9600424766540527
-1.0545859336853027
-0.43913793563842773
-0.8553824424743652
-0.43399572372436523
-0.8750510215759277
-0.8588461875915527
-0.42673254013061523
-0.7151999473571777
-0.8889975547790527
-0.5754446983337402
-0.6949667930603027
-0.5493674278259277
-0.6141562461853027
-0.43514013290405273
-0.5649771690368652
-0.45154333114624023
-0.5049033164978027
-0.5730185508728027
-0.5757803916931152
-0.5917258262634277
-0.6068015098571777
-0.5054678916931152
-0.7560935020446777
-0.47675085067749023
-0.46491003036499023
-0.8496603965759277
-0.45543432235717773
-1.0372977256774902
-1.0989890098571777
-1.2377982139587402
-1.3705954551696777
-0.9730582237243652
-0.9104819297790527
-0.5526328086853027
-0.6972708702087402
-0.6685385704040527
-0.6569876670837402
-0.7669730186462402
-0.6361441612243652
-0.8594412803649902
-1.1539969444274902
-0.6618857383728027
-0.7126669883728027
-0.7348532676696777
-0.7330069541931152
-0.7812705039978027
-0.7113547325134277
-0.6885581016540527
-0.6646933555603027
-0.9050345420837402
-0.9868216514587402
-1.1519827842712402
-0.9272055625915527
-0.8607687950134277
-0.44316625595092773
-0.43691015243530273
-0.9466147422790527
-0.8709921836853027
-0.7575278282165527
-0.6591544151306152
-0.8280844688415527
-0.42995214462280273
-0.6472525596618652
-0.5725302696228027
-0.6846518516540527
-0.43654394149780273
-0.6029105186462402
-0.44736242294311523
-0.5573630332946777
-0.5699973106384277
-0.6188254356384277
-0.7039847373962402
-0.5247092247009277
-0.8756918907165527
-0.8524069786071777
-1.0455069541931152
-1.2703757286071777
-1.2665152549743652
-1.2629294395446777
-1.2596793174743652
-0.46907567977905273
-1.3470358848571777
-1.3223166465759277
-1.0911459922790527
-0.48851537704467773
-0.5070853233337402
-0.8490500450134277
-0.7755331993103027
-0.7603049278259277
-0.7422537803649902
-0.5985922813415527
-0.6878867149353027
-0.6717276573181152
-0.7366080284118652
-0.6625113487243652
-0.6589865684509277
-0.6627402305603027
-0.6651206016540527
-0.6660819053649902
-1.0721030235290527
-0.6988120079040527
-0.8657126426696777
-0.7504019737243652
-0.8696494102478027
-0.6082663536071777
-1.1201987266540527
-0.8673758506774902
-0.8056998252868652
-0.7046103477478027
-0.8906912803649902
-0.8889822959899902
-0.7306113243103027
-0.8172507286071777
-0.6878867149353027
-0.7246451377868652
-0.7132468223571777
-0.7005362510681152
-0.5747427940368652
-0.6615805625915527
-0.45033788681030273
-0.5955252647399902
-0.5444846153259277
-0.5683493614196777
-0.5883383750915527
-0.5610861778259277
-0.6912589073181152
-0.7910513877868652
-0.7997641563415527
-0.9161581993103027
-1.0200552940368652
-0.9820761680603027
-1.0661520957946777
-1.0628561973571777
-1.0497488975524902
-0.47089147567749023
-1.2233786582946777
-0.47444677352905273
-1.0924277305603027
-0.7165732383728027
-0.7030692100524902
-0.8341727256774902
-0.6879477500915527
-0.9295248985290527
-1.0904746055603027
-0.7099967002868652
-1.0628256797790527
-0.8269248008728027
-0.8388724327087402
-0.6882987022399902
-1.0022177696228027
-1.0862174034118652
-0.5457968711853027
-0.5211386680603027
-0.8973135948181152
-0.7917227745056152
-0.7305350303649902
-0.8926444053649902
-0.8687949180603027
-0.8625082969665527
-0.7494864463806152
-0.6490530967712402
-0.8212637901306152
-0.7518210411071777
-0.6331992149353027
-0.5941824913024902
-0.6034750938415527
-0.6130423545837402
-0.46074438095092773
-0.49564123153686523
-0.5048270225524902
-0.5128989219665527
-0.5198264122009277
-0.6044363975524902
-0.6594290733337402
-0.5376791954040527
-0.7826132774353027
-0.5102133750915527
-0.8465476036071777
-0.48473119735717773
-1.0094809532165527
-0.9866232872009277
-1.0900931358337402
-1.0858054161071777
-1.1605429649353027
-0.47510290145874023
-0.47748327255249023
-1.1651968955993652
-1.2995810508728027
-1.2712912559509277
-0.9717917442321777
-0.8484091758728027
-0.8335165977478027
-0.8157095909118652
-0.7950797080993652
-0.7157492637634277
-0.9147543907165527
-1.1627860069274902
-0.7486472129821777
-1.0482687950134277
-0.9332785606384277
-0.9616141319274902
-1.1100821495056152
-1.0627188682556152
-1.0143637657165527
-0.9655661582946777
-0.5270133018493652
-0.49481725692749023
-0.8562369346618652
-0.8184561729431152
-0.7959952354431152
-0.7925314903259277
-0.46147680282592773
-0.8776907920837402
-0.45815038681030273
-0.5946402549743652
-0.46196508407592773
-0.5999350547790527
-0.6954855918884277
-0.5880331993103027
-0.5916190147399902
-0.48283910751342773
-0.5970511436462402
-0.6479239463806152
-0.7330679893493652
-0.5735678672790527
-0.8391623497009277
-0.9266867637634277
-0.9355673789978027
-0.9135642051696777
-1.0131278038024902
-0.9767050743103027
-0.49149084091186523
-1.1096091270446777
-0.5242819786071777
-0.9269614219665527
-0.5802817344665527
-0.6779379844665527
-0.6995596885681152
-0.7201132774353027
-0.7395529747009277
-0.7402091026306152
-0.7457785606384277
-0.7535147666931152
-1.2339072227478027
-0.7530722618103027
-0.8542990684509277
-0.7308707237243652
-0.5853171348571777
-0.5304770469665527
-0.49126195907592773
-0.48564672470092773
-0.8302512168884277
-0.7752280235290527
-0.6698813438415527
-0.8514914512634277
-0.8624472618103027
-0.47423315048217773
-0.6250052452087402
-0.7616019248962402
-0.5635275840759277
-0.5585989952087402
-0.48601293563842773
-0.6726279258728027
-0.5282187461853027
-0.5361227989196777
-0.5980124473571777
-0.6650595664978027
-0.7210440635681152
-0.7767233848571777
-0.5678458213806152
-0.8552603721618652
-0.8394064903259277
-0.9923605918884277
-1.0763754844665527
-1.0527243614196777
-1.2149558067321777
-0.5106406211853027
-1.2119803428649902
-0.5299887657165527
-0.5497794151306152
-0.9930930137634277
-0.6249442100524902
-0.8083243370056152
-0.7921652793884277
-0.7725577354431152
-0.7966818809509277
-0.8562216758728027
-0.9707694053649902
-0.8853964805603027
-0.6904349327087402
-0.5917716026306152
-0.5643210411071777
-0.6268057823181152
-0.49046850204467773
-0.7571463584899902
-0.7307181358337402
-0.6992545127868652
-0.7069907188415527
-0.48445653915405273
-0.5533652305603027
-0.48700475692749023
-0.6259207725524902
-0.7112174034118652
-0.6424307823181152
-0.5263724327087402
-0.5191855430603027
-0.5904898643493652
-0.6612448692321777
-0.5771689414978027
-0.5676627159118652
-0.5568442344665527
-0.5447592735290527
-0.6231284141540527
-0.6784567832946777
-0.7635092735290527
-0.7641806602478027
-0.8201041221618652
-0.9173789024353027
-0.8835196495056152
-0.9725241661071777
-1.0571799278259277
-0.5213522911071777
-0.5100913047790527
-1.2041983604431152
-1.0696005821228027
-0.5125479698181152
-0.5125327110290527
-1.1341605186462402
-0.5556693077087402
-0.8941397666931152
-0.8164420127868652
-1.2834982872009277
-0.8706564903259277
-1.0144095420837402
-1.1413931846618652
-0.5956015586853027
-0.7974143028259277
-0.7004446983337402
-0.5278677940368652
-0.5230765342712402
-0.6450858116149902
-0.5159201622009277
-0.5065207481384277
-0.8186087608337402
-0.7419638633728027
-0.6754355430603027
-0.6471915245056152
-0.7778067588806152
-0.6750693321228027
-0.5179343223571777
-0.5234580039978027
-0.6269431114196777
-0.7043204307556152
-0.5029959678649902
-0.6605582237243652
-0.7543997764587402
-0.7514090538024902
-0.7480978965759277
-0.7445273399353027
-0.7244467735290527
-0.8056387901306152
-0.8383536338806152
-0.8981986045837402
-0.8651785850524902
-0.5657248497009277
-1.0403647422790527
-1.0416312217712402
-1.1396994590759277
-0.9600577354431152
-0.9567770957946777
-0.5413718223571777
-1.0394186973571777
-1.1104025840759277
-0.6218771934509277
-0.6801810264587402
-0.8811087608337402
-0.8673758506774902
-1.0057730674743652
-1.1420035362243652
-0.9438681602478027
-0.9723715782165527
-0.9716849327087402
-1.0331320762634277
-0.7842612266540527
-0.5666556358337402
-0.7025351524353027
-0.8032279014587402
-0.7943167686462402
-0.6771750450134277
-0.8331351280212402
-0.7063803672790527
-0.5033469200134277
-0.6600089073181152
-0.7401938438415527
-0.5608420372009277
-0.5712027549743652
-0.5942282676696777
-0.5992178916931152
-0.7356619834899902
-0.7156271934509277
-0.7290549278259277
-0.6881308555603027
-0.7439475059509277
-0.7606406211853027
-0.6045432090759277
-0.5733237266540527
-0.5627799034118652
-1.0287985801696777
-0.9064688682556152
-0.5382132530212402
-0.8711600303649902
-0.5420432090759277
-0.8923392295837402
-0.5433249473571777
-0.9106955528259277
-0.5420432090759277
-0.9973959922790527
-1.0628256797790527
-1.1144919395446777
-0.6657614707946777
-0.9364676475524902
-0.8794302940368652
-1.0738577842712402
-0.8777213096618652
-0.8808341026306152
-1.3509116172790527
-0.9263663291931152
-1.2191977500915527
-0.9603018760681152
-1.0717673301696777
-0.7658286094665527
-0.7954764366149902
-0.6007895469665527
-0.7015738487243652
-0.5500082969665527
-0.5918478965759277
-0.7544302940368652
-0.7849783897399902
-0.7069144248962402
-0.5399069786071777
-0.6867270469665527
-0.6233725547790527
-0.6798911094665527
-0.7546896934509277
-0.8287100791931152
-0.6911063194274902
-0.48850011825561523
-0.5691275596618652
-0.6385550498962402
-0.7490286827087402
-0.7686972618103027
-0.8493247032165527
-0.8190054893493652
-0.8175559043884277
-0.6613211631774902
-0.8912711143493652
-0.6139121055603027
-1.0771842002868652
-1.0629019737243652
-0.8053488731384277
-0.5572714805603027
-0.8206076622009277
-0.8716483116149902
-1.1176199913024902
-0.6349692344665527
-1.0642905235290527
-0.6754508018493652
-1.0409445762634277
-0.7800345420837402
-0.8039145469665527
-0.8267722129821777
-1.0286002159118652
-1.1414084434509277
-0.9152426719665527
-1.3300681114196777
-0.9318747520446777
-1.4024252891540527
-0.6629691123962402
-0.6975760459899902
-0.5907492637634277
-0.7243552207946777
-0.7347311973571777
-0.6564841270446777
-0.6961874961853027
-0.8218283653259277
-0.7204184532165527
-0.6583304405212402
-0.5943503379821777
-0.8900504112243652
-0.8641562461853027
-0.9123129844665527
-0.6206107139587402
-0.9084677696228027
-0.7988791465759277
-1.0524497032165527
-0.7557730674743652
-0.7550101280212402
-0.5794272422790527
-0.7679343223571777
-0.8158011436462402
-1.0003409385681152
-0.6181540489196777
-1.1386618614196777
-0.6823630332946777
-1.0668845176696777
-0.9875082969665527
-0.9369254112243652
-0.9588065147399902
-1.0961661338806152
-0.9557394981384277
-1.3025717735290527
-0.9803061485290527
-1.2978568077087402
-1.2908225059509277
-1.0184836387634277
-1.0840811729431152
-1.0090231895446777
-0.9806723594665527
-0.9509787559509277
-0.9201560020446777
-1.2158560752868652
-1.2544150352478027
-1.2887778282165527
-0.7809653282165527
-0.6409811973571777
-0.7980856895446777
-0.7215018272399902
-0.8742270469665527
-0.5760855674743652
-0.7711386680603027
-0.8591513633728027
-0.8330435752868652
-0.9721121788024902
-0.9995322227478027
-0.7501730918884277
-1.0364127159118652
-0.6146597862243652
-0.5998435020446777
-0.9357352256774902
-1.1418204307556152
-0.6864371299743652
-0.7530722618103027
-1.0482993125915527
-1.0157523155212402
-1.0241446495056152
-0.9938254356384277
-1.1879782676696777
-1.1871085166931152
-1.1651053428649902
-1.0703024864196777
-1.1013693809509277
-1.1380820274353027
-1.1139426231384277
-1.1658987998962402
-1.2746176719665527
-0.9009146690368652
-1.0914206504821777
-1.0449271202087402
-0.9984488487243652
-0.9521079063415527
-0.7325491905212402
-0.6752982139587402
-0.8898367881774902
-0.7588400840759277
-0.7815146446228027
-0.8628439903259277
-0.9662070274353027
-0.8837790489196777
-0.6992697715759277
-1.0243887901306152
-0.6806387901306152
-0.6720175743103027
-0.6279044151306152
-0.6489920616149902
-0.6717581748962402
-1.0734763145446777
-1.1250052452087402
-1.1754355430603027
-0.7605032920837402
-1.1381125450134277
-1.0976462364196777
-1.0642142295837402
-1.0914816856384277
-1.0427451133728027
-1.0680289268493652
-1.0653128623962402
-1.0764365196228027
-1.0549979209899902
-1.0473685264587402
-1.1534323692321777
-1.1900992393493652
-1.2205252647399902
-0.9099326133728027
-0.7611594200134277
-0.6957907676696777
-0.6506552696228027
-0.6194205284118652
-0.6249899864196777
-0.6148123741149902
-0.7741904258728027
-0.8049216270446777
-0.6267752647399902
-0.7223868370056152
-0.9298300743103027
-0.6710715293884277
-0.7714438438415527
-0.9409995079040527
-0.7514700889587402
-0.8062644004821777
-1.0529990196228027
-0.7224936485290527
-1.1039938926696777
-1.1541647911071777
-1.2031912803649902
-1.1884970664978027
-1.1470847129821777
-1.1125998497009277
-1.0909323692321777
-1.0296835899353027
-1.1250662803649902
-0.9788565635681152
-1.2043356895446777
-1.0732474327087402
-1.2741141319274902
-0.9153342247009277
-1.2143759727478027
-0.8842978477478027
-0.6864523887634277
-0.6422324180603027
-0.6391501426696777
-0.6440939903259277
-0.8099875450134277
-0.7901206016540527
-0.9639792442321777
-0.9703116416931152
-0.7809348106384277
-1.0401816368103027
-0.6907401084899902
-0.6770834922790527
-0.6310324668884277
-0.6729483604431152
-0.6510825157165527
-0.6527915000915527
-0.7388358116149902
-0.7913413047790527
-1.0791220664978027
-1.1287589073181152
-1.1775259971618652
-1.1964316368103027
-0.9204001426696777
-0.9486441612243652
-0.9757285118103027
-1.0014700889587402
-1.1605887413024902
-1.1377921104431152
-1.0917868614196777
-0.9143118858337402
-0.8952536582946777
-1.0602927207946777
-0.9270529747009277
-1.1459860801696777
-1.0127005577087402
-1.4447379112243652
-1.4029440879821777
-0.9576468467712402
-0.8589682579040527
-0.7803702354431152
-0.8251852989196777
-0.8397574424743652
-0.8555960655212402
-0.9070029258728027
-0.6789450645446777
-0.8510642051696777
-0.9955649375915527
-1.0414481163024902
-0.6871695518493652
-0.6610922813415527
-0.6770987510681152
-0.7233328819274902
-0.6824545860290527
-0.7735190391540527
-0.8676810264587402
-0.9309897422790527
-1.2312979698181152
-1.2077383995056152
-1.0698294639587402
-1.1983542442321777
-1.0635275840759277
-1.1686148643493652
-1.0399985313415527
-0.8750510215759277
-0.8378500938415527
-0.9921469688415527
-0.8724265098571777
-1.4121298789978027
-0.8966574668884277
-0.8527579307556152
-0.7180380821228027
-0.49498510360717773
-0.8404135704040527
-0.8540091514587402
-0.8688254356384277
-0.8848013877868652
-0.9016776084899902
-0.48135900497436523
-0.8439993858337402
-0.5670981407165527
-0.8202872276306152
-1.0962424278259277
-0.6992087364196777
-0.6465506553649902
-0.7126517295837402
-0.8925070762634277
-0.7638297080993652
-0.8343253135681152
-0.9379324913024902
-1.1358237266540527
-0.9499258995056152
-1.0517477989196777
-0.9873709678649902
-0.9216971397399902
-0.9213767051696777
-0.9021048545837402
-0.9341330528259277
-1.0165305137634277
-1.3338065147399902
-0.7914481163024902
-0.7826285362243652
-0.5418601036071777
-0.8679251670837402
-0.8821005821228027
-0.8972220420837402
-0.9132895469665527
-0.9302115440368652
-0.8526816368103027
-0.5509238243103027
-0.7909445762634277
-0.7281546592712402
-0.7662100791931152
-0.7947134971618652
-0.8157095909118652
-0.8675894737243652
-1.2973532676696777
-0.9756522178649902
-1.3858847618103027
-1.2369742393493652
-1.1741080284118652
-0.8477530479431152
-0.7904105186462402
-0.8750357627868652
-0.8496603965759277
-0.7754416465759277
-0.9157919883728027
-0.8110709190368652
-1.0030875205993652
-0.8915915489196777
-1.2061362266540527
-1.0826010704040527
-1.2463736534118652
-0.9712882041931152
-0.9079642295837402
-0.5069479942321777
-0.9093527793884277
-0.9248404502868652
-0.9410300254821777
-0.7703452110290527
-0.8844046592712402
-0.5405783653259277
-0.8208365440368652
-0.7563376426696777
-0.7955069541931152
-0.8247733116149902
-0.8464713096618652
-0.9002585411071777
-1.0125784873962402
-1.4230093955993652
-1.3686575889587402
-0.9116110801696777
-0.9429984092712402
-0.8038382530212402
-0.8294425010681152
-0.8055624961853027
-0.8314414024353027
-0.7341208457946777
-0.7692313194274902
-0.9056143760681152
-1.1189932823181152
-1.0076651573181152
-0.8432211875915527
-0.7939505577087402
-0.5494437217712402
-0.8889822959899902
-1.1064047813415527
-0.9154257774353027
-0.5278220176696777
-0.5687918663024902
-0.7837119102478027
-0.6375327110290527
-0.6869864463806152
-0.7983603477478027
-0.8642935752868652
-0.8539786338806152
-0.9321951866149902
-1.0483756065368652
-1.3749289512634277
-1.0914664268493652
-1.0319876670837402
-0.8639121055603027
-0.9452414512634277
-0.8943381309509277
-0.7059531211853027
-0.7832083702087402
-0.7605032920837402
-0.6733145713806152
-0.7867636680603027
-0.7266287803649902
-0.9363608360290527
-1.0779013633728027
-1.2459616661071777
-0.8747305870056152
-0.6322226524353027
-0.8237204551696777
-0.5787863731384277
-0.8206381797790527
-0.5129599571228027
-0.8260092735290527
-0.8302969932556152
-0.6109366416931152
-0.8188681602478027
-0.8251700401306152
-0.7080893516540527
-0.7966208457946777
-0.9688467979431152
-1.0157217979431152
-1.0626425743103027
-1.1095786094665527
-1.1564078330993652
-1.1181387901306152
-1.0969443321228027
-1.1747641563415527
-1.1168723106384277
-0.9796957969665527
-1.0581564903259277
-0.8952383995056152
-0.7667441368103027
-0.8452200889587402
-0.7374777793884277
-0.7219290733337402
-0.6629691123962402
-0.7410330772399902
-0.8219199180603027
-0.8644614219665527
-1.0744528770446777
-1.2374320030212402
-1.0455374717712402
-0.9891715049743652
-0.9382529258728027
-0.9574484825134277
-0.9012351036071777
-0.8705801963806152
-0.5434165000915527
-0.8582205772399902
-0.9473471641540527
-0.8698477745056152
-1.1559653282165527
-1.0088095664978027
-0.8983969688415527
-0.8817038536071777
-0.8502097129821777
-0.8523001670837402
-0.8557639122009277
-1.3719992637634277
-1.0982871055603027
-1.1760001182556152
-0.9262137413024902
-0.7481436729431152
-0.7339987754821777
-0.7139945030212402
-0.8174490928649902
-0.8578543663024902
-1.0671286582946777
-1.0491690635681152
-0.5711874961853027
-0.48970556259155273
-0.49847936630249023
-1.0716300010681152
-0.5462698936462402
-0.9003653526306152
-0.6053214073181152
-0.6990103721618652
-0.7852988243103027
-1.0076498985290527
-1.0011038780212402
-1.0478262901306152
-1.0944724082946777
-1.0418601036071777
-0.9861197471618652
-0.9294028282165527
-0.9509177207946777
-0.7306571006774902
-0.7932791709899902
-1.0558676719665527
-1.1650290489196777
-0.9034781455993652
-1.1336722373962402
-1.1650900840759277
-1.2723593711853027
-1.0411124229431152
-0.9963889122009277
-0.6706748008728027
-0.9520163536071777
-0.9801993370056152
-1.0112051963806152
-1.1393790245056152
-1.3052573204040527
-1.1153464317321777
-0.9519248008728027
-0.7823843955993652
-0.8007102012634277
-0.7550406455993652
-1.0020956993103027
-1.1571707725524902
-1.0882315635681152
-1.1947531700134277
-0.6685080528259277
-0.6146597862243652
-0.9372000694274902
-1.3022208213806152
-1.0080008506774902
-0.5372214317321777
-0.5929923057556152
-0.6402487754821777
-0.9834952354431152
-1.1095023155212402
-1.2096152305603027
-1.1637167930603027
-1.0029501914978027
-0.9494833946228027
-0.7854514122009277
-0.8048758506774902
-0.9466757774353027
-1.1440176963806152
-0.8335928916931152
-0.7371268272399902
-1.0657553672790527
-0.5739340782165527
-1.0925955772399902
-1.0293478965759277
-1.0824332237243652
-0.9539847373962402
-1.0013632774353027
-1.1839804649353027
-1.1420493125915527
-1.1012778282165527
-0.7853446006774902
-0.6934103965759277
-0.7715048789978027
-0.8905081748962402
-0.8395895957946777
-1.1080985069274902
-1.0548911094665527
-1.1754965782165527
-1.2346549034118652
-1.1604971885681152
-0.5163321495056152
-0.5744986534118652
-1.0699973106384277
-0.8794608116149902
-1.1896414756774902
-1.2564597129821777
-0.9878134727478027
-0.9374136924743652
-0.8862357139587402
-0.8344473838806152
-0.8033652305603027
-0.9220786094665527
-1.0775809288024902
-1.1961112022399902
-1.0064597129821777
-0.5286917686462402
-1.2007193565368652
-1.1369986534118652
-0.5348715782165527
-1.1150412559509277
-1.1208090782165527
-1.1223502159118652
-1.1038413047790527
-0.8501334190368652
-0.7453818321228027
-0.9250693321228027
-1.1763205528259277
-1.0433249473571777
-1.3557028770446777
-0.8352255821228027
-1.0609030723571777
-0.6813254356384277
-0.5408682823181152
-1.1603903770446777
-1.0702872276306152
-0.5500540733337402
-0.6871848106384277
-1.1968283653259277
-1.3396201133728027
-0.9891715049743652
-0.7909293174743652
-0.7185416221618652
-0.6798453330993652
-0.7151389122009277
-0.7488303184509277
-0.8295187950134277
-0.9109396934509277
-1.1147665977478027
-1.0617423057556152
-0.8503775596618652
-1.1704764366149902
-0.6942191123962402
-0.9164481163024902
-0.5519614219665527
-1.0364432334899902
-0.47913122177124023
-0.49060583114624023
-1.0501151084899902
-1.3076529502868652
-0.9994101524353027
-1.0474295616149902
-1.0946097373962402
-0.6165366172790527
-0.8246512413024902
-0.9126181602478027
-1.0782217979431152
-0.7057547569274902
-0.5619406700134277
-0.9730887413024902
-0.9621329307556152
-0.9881796836853027
-1.0056052207946777
-0.5710196495056152
-0.6182150840759277
-1.1041312217712402
-0.6608481407165527
-0.7455039024353027
-1.2304892539978027
-1.3458762168884277
-0.9165244102478027
-1.3857626914978027
-0.9650931358337402
-1.2857718467712402
-1.1131949424743652
-0.9361014366149902
-0.8891654014587402
-0.8410239219665527
-0.7917685508728027
-0.6735739707946777
-0.7826895713806152
-0.8656363487243652
-0.9579977989196777
-0.9872183799743652
-0.9075064659118652
-0.8052878379821777
-0.5230612754821777
-1.2313742637634277
-1.4008231163024902
-0.9935507774353027
-0.6084189414978027
-0.8599143028259277
-0.9034781455993652
-0.9993185997009277
-1.1052451133728027
-1.1020712852478027
-1.2786307334899902
-1.1472373008728027
-1.0060935020446777
-0.8517661094665527
-0.7279868125915527
-0.8612265586853027
-1.0560355186462402
-1.1136221885681152
-1.2262015342712402
-0.8888297080993652
-1.3506217002868652
-1.2213797569274902
-1.0505118370056152
-0.8143515586853027
-0.9004874229431152
-0.8443350791931152
-0.8246970176696777
-1.2757468223571777
-1.1006827354431152
-1.1031394004821777
-0.8856406211853027
-0.8393759727478027
-0.8351645469665527
-0.6302237510681152
-0.9467520713806152
-1.0436301231384277
-1.0454916954040527
-1.0238242149353027
-0.7947897911071777
-0.7344565391540527
-0.8179068565368652
-0.6600852012634277
-0.7233328819274902
-0.5432333946228027
-0.9369406700134277
-0.9344992637634277
-0.7485861778259277
-0.7450461387634277
-0.6333212852478027
-0.6668601036071777
-0.6988730430603027
-0.8548026084899902
-1.0913290977478027
-1.0369620323181152
-0.9161429405212402
-0.8348746299743652
-0.6509299278259277
-0.7835593223571777
-0.7977194786071777
-1.0464072227478027
-0.9066061973571777
-1.2032828330993652
-1.2830252647399902
-0.9847617149353027
-0.6017203330993652
-0.7328848838806152
-1.1694846153259277
-0.9768118858337402
-0.8621420860290527
-0.8005118370056152
-0.7273459434509277
-1.0903983116149902
-0.9090323448181152
-1.1597952842712402
-0.9889883995056152
-0.9761099815368652
-1.0787863731384277
-0.9163718223571777
-0.7079062461853027
-0.7069144248962402
-0.5423178672790527
-0.7515311241149902
-0.6000266075134277
-0.8281455039978027
-0.6930136680603027
-0.7804160118103027
-0.9601187705993652
-1.1805167198181152
-1.0320181846618652
-0.6488699913024902
-0.6829276084899902
-0.7153983116149902
-0.7646689414978027
-0.8739829063415527
-0.9884085655212402
-1.1126914024353027
-0.7907919883728027
-0.6986594200134277
-0.5337729454040527
-0.6478476524353027
-0.8264060020446777
-0.8773703575134277
-1.0695853233337402
-1.0097250938415527
-1.0601401329040527
-0.6128897666931152
-0.7149252891540527
-0.7639365196228027
-0.8729605674743652
-0.9885764122009277
-0.9249320030212402
-0.8574423789978027
-0.6614584922790527
-0.6769309043884277
-0.6897330284118652
-0.5949606895446777
-0.8262381553649902
-0.6110281944274902
-0.9868063926696777
-1.1708579063415527
-1.0982565879821777
-1.1175284385681152
-0.9160361289978027
-0.9871115684509277
-0.8467917442321777
-0.7386984825134277
-0.6439871788024902
-0.6923727989196777
-0.8721976280212402
-1.1422934532165527
-1.1552481651306152
-0.9839529991149902
-0.6078391075134277
-1.1648459434509277
-1.0318961143493652
-0.7570700645446777
-0.7801718711853027
-0.8954062461853027
-0.9170737266540527
-1.0317435264587402
-1.0146231651306152
-0.5941367149353027
-0.6386008262634277
-0.7047019004821777
-0.7238211631774902
-0.8603110313415527
-1.0422873497009277
-0.8466544151306152
-0.6057486534118652
-0.5487723350524902
-0.6189169883728027
-0.6295218467712402
-0.6992545127868652
-0.6840109825134277
-0.8237509727478027
-0.9715628623962402
-1.0130667686462402
-1.0054678916931152
-0.9250082969665527
-0.7363638877868652
-0.6225485801696777
-0.6326193809509277
-0.6554770469665527
-0.6663107872009277
-0.6870627403259277
-0.8440299034118652
-1.0493369102478027
-1.0303702354431152
-0.9528098106384277
-0.8347373008728027
-0.7856345176696777
-0.6306509971618652
-0.7743582725524902
-0.8659720420837402
-0.9109702110290527
-1.0892233848571777
-0.8232474327087402
-0.9362998008728027
-0.9406027793884277
-1.0367026329040527
-1.2148489952087402
-1.2351737022399902
-0.9469656944274902
-0.9162192344665527
-0.5585532188415527
-0.5739493370056152
-0.5870566368103027
-0.6275687217712402
-0.6813712120056152
-0.7276358604431152
-0.8160452842712402
-0.7153220176696777
-0.8074088096618652
-0.9356894493103027
-1.2241721153259277
-0.6496634483337402
-0.6712698936462402
-0.7568869590759277
-1.0526022911071777
-1.1026206016540527
-0.9732565879821777
-0.8405966758728027
-0.7962393760681152
-0.7507987022399902
-0.7305045127868652
-0.7675986289978027
-0.8855795860290527
-0.8924460411071777
-0.9882102012634277
-1.0869193077087402
-1.0880331993103027
-1.2649435997009277
-0.9226279258728027
-1.1246237754821777
-1.0217032432556152
-0.7444815635681152
-0.8250632286071777
-0.9482626914978027
-1.0395102500915527
-1.0859580039978027
-1.1575980186462402
-1.1310019493103027
-0.8633322715759277
-0.8153738975524902
-0.6249442100524902
-0.6597647666931152
-0.6931509971618652
-0.8429617881774902
-1.3259024620056152
-0.9063010215759277
-0.6017050743103027
-0.6631369590759277
-0.7306876182556152
-0.8908743858337402
-0.8101401329040527
-1.0212454795837402
-1.0673422813415527
-1.1121268272399902
-0.7013449668884277
-0.5938010215759277
-0.7980246543884277
-0.9348502159118652
-1.0331320762634277
-1.3127188682556152
-1.2418112754821777
-0.7826285362243652
-0.5996146202087402
-0.9688162803649902
-0.6252341270446777
-0.7155508995056152
-0.7938132286071777
-0.9822134971618652
-1.0011801719665527
-1.0468192100524902
-1.0912985801696777
-0.9084219932556152
-0.8250479698181152
-0.7797598838806152
-0.8100028038024902
-0.6868185997009277
-0.7626852989196777
-0.9867911338806152
-1.0876364707946777
-0.9307913780212402
-0.7110037803649902
-0.6466422080993652
-0.6991629600524902
-0.7761740684509277
-1.1285605430603027
-1.0244803428649902
-1.2625937461853027
-1.0685629844665527
-1.1377463340759277
-1.1112418174743652
-1.0669760704040527
-0.6910605430603027
-0.7132468223571777
-0.9677023887634277
-0.8042044639587402
-1.0211234092712402
-0.9799704551696777
-0.6657919883728027
-0.5525717735290527
-0.6018118858337402
-0.6443991661071777
-1.0654807090759277
-1.0711874961853027
-0.8608145713806152
-0.8969779014587402
-0.8153586387634277
-0.8468832969665527
-0.5978140830993652
-0.6212058067321777
-0.7945761680603027
-0.8855948448181152
-1.0245871543884277
-1.0016989707946777
-1.1623129844665527
-1.0984854698181152
-1.0220541954040527
-0.9012503623962402
-0.8685965538024902
-0.8225302696228027
-0.7813620567321777
-0.7235312461853027
-0.5888571739196777
-0.6584677696228027
-0.8000082969665527
-0.9364676475524902
-0.9755606651306152
-1.1437277793884277
-1.0766806602478027
-1.0032858848571777
-0.6539053916931152
-0.8457083702087402
-0.47420263290405273
-0.7251181602478027
-0.5148367881774902
-0.6877341270446777
-1.0375876426696777
-1.2628836631774902
-1.0573630332946777
-1.1096854209899902
-0.7437491416931152
-0.6848044395446777
-0.7555289268493652
-0.9856772422790527
-1.0907492637634277
-1.0259757041931152
-1.0420279502868652
-0.7438712120056152
-0.8935294151306152
-0.8783926963806152
-0.8596396446228027
-0.8374381065368652
-1.2261557579040527
-1.2206473350524902
-1.2155661582946777
-1.2110800743103027
-1.2004904747009277
-0.7668509483337402
-0.6322684288024902
-0.9558463096618652
-1.1889853477478027
-1.3661398887634277
-1.1108145713806152
-0.8942008018493652
-0.8468070030212402
-0.7984671592712402
-0.7380423545837402
-0.6048026084899902
-0.8346762657165527
-1.0325980186462402
-0.9319205284118652
-0.7739768028259277
-0.8795676231384277
-0.7881979942321777
-1.1202902793884277
-0.8077292442321777
-0.5283713340759277
-0.9881796836853027
-1.2307944297790527
-0.8373923301696777
-1.2913260459899902
-1.1630148887634277
-0.9903769493103027
-0.9798789024353027
-0.9267325401306152
-0.8735404014587402
-0.5911612510681152
-0.8801779747009277
-1.0680136680603027
-1.0831503868103027
-1.0123648643493652
-0.8016257286071777
-0.6373496055603027
-0.45453405380249023
-0.9711661338806152
-0.9475913047790527
-1.2694296836853027
-0.8593802452087402
-0.5045981407165527
-0.8732504844665527
-0.8958182334899902
-0.9151968955993652
-0.5532431602478027
-0.6312766075134277
-0.7047934532165527
-1.3146872520446777
-0.8913016319274902
-0.9326071739196777
-0.9738669395446777
-1.0146994590759277
-1.0546927452087402
-1.0396018028259277
-0.9755148887634277
-0.9211630821228027
-0.6124014854431152
-0.6684775352478027
-0.9816489219665527
-0.9249777793884277
-1.0900778770446777
-0.8339438438415527
-0.6663870811462402
-0.6051840782165527
-0.5266013145446777
-0.7126364707946777
-1.1388754844665527
-0.9050345420837402
-0.5311484336853027
-1.0355429649353027
-0.6497244834899902
-1.2394309043884277
-1.2814841270446777
-1.0227713584899902
-0.9676260948181152
-0.9122824668884277
-0.6902365684509277
-0.6464133262634277
-0.6693320274353027
-0.6163229942321777
-0.6508841514587402
-1.0754904747009277
-0.9559531211853027
-0.9164786338806152
-0.8660025596618652
-0.6930747032165527
-0.44623327255249023
-1.1389060020446777
-1.2379355430603027
-1.3388113975524902
-0.9831748008728027
-1.0213217735290527
-0.6657462120056152
-1.1888022422790527
-0.7736411094665527
-1.2554221153259277
-1.0863852500915527
-0.7699637413024902
-0.8030142784118652
-0.7561240196228027
-0.6376242637634277
-0.6542258262634277
-0.6314597129821777
-0.5976004600524902
-0.9756522178649902
-1.0646567344665527
-0.8842825889587402
-0.8219351768493652
-0.8355460166931152
-0.7172141075134277
-0.5971732139587402
-0.49913549423217773
-0.9934592247009277
-1.3001456260681152
-1.2950339317321777
-1.2905020713806152
-1.0884299278259277
-1.0826926231384277
-1.1068930625915527
-0.5689749717712402
-1.1269888877868652
-0.6791739463806152
-1.1324667930603027
-0.8613944053649902
-0.9796652793884277
-1.0185141563415527
-0.8102164268493652
-0.7964224815368652
-0.6263937950134277
-0.6924033164978027
-0.6609702110290527
-0.6024222373962402
-0.7123618125915527
-0.6543326377868652
-0.9462637901306152
-0.8513846397399902
-0.8043417930603027
-0.6829123497009277
-0.6223349571228027
-0.5435690879821777
-0.5081076622009277
-0.44876623153686523
-1.0471701622009277
-1.2503409385681152
-1.2453513145446777
-1.2409415245056152
-1.2532095909118652
-1.2244162559509277
-0.49829626083374023
-1.1421408653259277
-1.1438040733337402
-0.5450797080993652
-0.5847983360290527
-0.7305045127868652
-1.1739401817321777
-1.2011313438415527
-1.0718894004821777
-1.1798605918884277
-0.8496603965759277
-0.9429831504821777
-0.8352560997009277
-0.7301840782165527
-0.6975913047790527
-0.6290335655212402
-0.6568198204040527
-0.6898398399353027
-0.8212790489196777
-0.9915976524353027
-0.7174429893493652
-0.5687003135681152
-0.6084189414978027
-1.1999106407165527
-1.1949973106384277
-1.1907095909118652
-1.1869559288024902
-1.1329398155212402
-1.0988059043884277
-0.5603995323181152
-1.0410361289978027
-0.5983023643493652
-0.7765402793884277
-1.0572257041931152
-1.0767874717712402
-1.0470328330993652
-1.0031332969665527
-0.9460196495056152
-0.7665305137634277
-0.7328543663024902
-0.6635031700134277
-0.6910300254821777
-0.7239890098571777
-0.7968649864196777
-1.1039023399353027
-0.9739279747009277
-1.3371634483337402
-1.3127341270446777
-0.9917197227478027
-0.8692831993103027
-0.9817252159118652
-0.5917563438415527
-0.44237279891967773
-0.45866918563842773
-1.1444907188415527
-1.1402640342712402
-0.46959447860717773
-0.47827672958374023
-1.2264151573181152
-1.2047019004821777
-1.0856223106384277
-0.9963736534118652
-0.5734763145446777
-1.0136313438415527
-1.0322318077087402
-1.1856894493103027
-0.8840079307556152
-0.9201865196228027
-0.8620505332946777
-0.8026022911071777
-0.7764334678649902
-0.6965079307556152
-0.8360037803649902
-0.9155325889587402
-1.0100760459899902
-1.0544180870056152
-1.3320212364196777
-0.8921561241149902
-0.6754355430603027
-0.6480765342712402
-0.5740103721618652
-0.9898276329040527
-1.1417288780212402
-1.2206931114196777
-1.2097373008728027
-1.1738486289978027
-1.1525321006774902
-1.0373740196228027
-0.9512991905212402
-0.6587271690368652
-0.8018240928649902
-0.9698843955993652
-0.9874625205993652
-1.0285544395446777
-1.3426871299743652
-1.0424551963806152
-1.0212607383728027
-0.8709311485290527
-0.8175253868103027
-0.9028830528259277
-0.7650351524353027
-0.8338217735290527
-0.8301291465759277
-0.8248190879821777
-0.7382712364196777
-0.8468375205993652
-0.8880667686462402
-1.0292868614196777
-1.2770895957946777
-0.9905600547790527
-0.8379111289978027
-0.7599539756774902
-0.8518881797790527
-0.7199454307556152
-0.6067099571228027
-0.6178488731384277
-0.5634207725524902
-0.6047720909118652
-0.44435644149780273
-0.42754125595092773
-0.7792105674743652
-0.8807883262634277
-0.9887747764587402
-0.9063467979431152
-0.6335043907165527
-0.9259848594665527
-0.9425711631774902
-1.1250510215759277
-1.3982138633728027
-1.0336203575134277
-1.0679678916931152
-1.0081229209899902
-0.8575034141540527
-0.9446768760681152
-0.7989401817321777
-0.7772116661071777
-0.9061026573181152
-0.9387869834899902
-0.8882956504821777
-1.1829886436462402
-1.1323752403259277
-1.0974478721618652
-1.0230917930603027
-0.9839987754821777
-1.1864218711853027
-1.1318564414978027
-1.0770773887634277
-1.0223441123962402
-0.8078055381774902
-0.6202902793884277
-0.47060155868530273
-0.45636510848999023
-0.43747472763061523
-0.5118002891540527
-0.46487951278686523
-0.7882285118103027
-0.46213293075561523
-0.8713278770446777
-0.8423209190368652
-1.0405173301696777
-0.9759116172790527
-1.1095023155212402
-0.9110770225524902
-0.5667166709899902
-0.6049399375915527
-0.6782889366149902
-0.8928732872009277
-0.9402976036071777
-0.9975180625915527
-1.3845877647399902
-1.0807700157165527
-1.1814780235290527
-0.9573569297790527
-0.8942465782165527
-1.0537619590759277
-0.9762625694274902
-0.9722952842712402
-1.0028738975524902
-0.8545889854431152
-0.9362540245056152
-1.1396079063415527
-0.9774069786071777
-0.8128409385681152
-0.6504416465759277
-0.6198325157165527
-0.45213842391967773
-0.5301108360290527
-0.49439001083374023
-0.7330069541931152
-0.8024039268493652
-0.46944189071655273
-1.0496726036071777
-1.0055594444274902
-1.1486105918884277
-1.0749716758728027
-0.8578238487243652
-0.5309958457946777
-0.8421225547790527
-0.6497550010681152
-0.8287100791931152
-0.7563529014587402
-1.0204367637634277
-1.3221640586853027
-1.2310690879821777
-1.1640830039978027
-0.9309592247009277
-1.0867056846618652
-1.0825095176696777
-1.0762228965759277
-0.9022574424743652
-1.1106619834899902
-0.9391989707946777
-1.1059165000915527
-0.7314047813415527
-0.9829916954040527
-0.8145194053649902
-0.5556235313415527
-0.5966696739196777
-0.47304296493530273
-0.5016531944274902
-0.5503745079040527
-0.47871923446655273
-0.5278067588806152
-0.5465445518493652
-0.41624975204467773
-0.5779929161071777
-0.6982321739196777
-0.47351598739624023
-0.48314428329467773
-1.0116019248962402
-0.9899497032165527
-0.9531149864196777
-0.9620718955993652
-1.0311789512634277
-0.5352072715759277
-0.7873892784118652
-0.7285819053649902
-1.2859549522399902
-0.9481558799743652
-1.0661063194274902
-1.0339865684509277
-1.1070151329040527
-1.1006522178649902
-1.0922141075134277
-1.0817160606384277
-1.0005087852478027
-1.0373740196228027
-1.0533804893493652
-1.0486655235290527
-0.8291220664978027
-0.7309927940368652
-0.9844565391540527
-0.6203970909118652
-0.8128104209899902
-0.6800742149353027
-0.49127721786499023
-0.40881872177124023
-0.5755972862243652
-0.5352377891540527
-0.45679235458374023
-0.5076956748962402
-0.6948904991149902
-0.48979711532592773
-0.48715734481811523
-0.8146109580993652
-0.9255881309509277
-0.9202933311462402
-0.9154105186462402
-0.9109854698181152
-0.9070029258728027
-0.9165396690368652
-0.49475622177124023
-0.9851737022399902
-1.1129965782165527
-1.0527091026306152
-0.8517050743103027
-0.5369620323181152
-0.7529196739196777
-0.7864584922790527
-1.1210532188415527
-1.2804923057556152
-0.9185233116149902
-0.9398398399353027
-0.9596610069274902
-0.9778647422790527
-0.9943442344665527
-1.1206870079040527
-1.1360068321228027
-1.1100363731384277
-1.1516928672790527
-0.9915213584899902
-0.9550986289978027
-0.9219107627868652
-0.7274680137634277
-1.0365195274353027
-0.6597495079040527
-0.5828146934509277
-0.5309042930603027
-0.6297202110290527
-0.5103354454040527
-0.6052298545837402
-0.5931296348571777
-0.5787405967712402
-0.41325902938842773
-0.46606969833374023
-0.6251578330993652
-0.39792394638061523
-0.5388541221618652
-0.45006322860717773
-0.5678610801696777
-0.5214896202087402
-0.5660910606384277
-0.6140036582946777
-0.6237387657165527
-0.5218405723571777
-0.7127280235290527
-0.6890006065368652
-0.5025076866149902
-0.49873876571655273
-0.9370779991149902
-1.0042319297790527
-0.5171561241149902
-0.7883505821228027
-0.5278525352478027
-0.7457022666931152
-0.7175345420837402
-0.7019553184509277
-0.7376151084899902
-0.8102469444274902
-1.0658621788024902
-1.2870841026306152
-1.3425345420837402
-0.9612784385681152
-1.1147360801696777
-0.9445700645446777
-0.9605002403259277
-1.0320029258728027
-0.6578879356384277
-0.7834219932556152
-0.5427756309509277
-0.6906027793884277
-0.5531821250915527
-0.5551505088806152
-0.5704245567321777
-0.5873618125915527
-0.6058249473571777
-0.6511588096618652
-0.5697379112243652
-0.44005346298217773
-0.5488486289978027
-0.5886282920837402
-0.5220999717712402
-0.5437369346618652
-0.5478568077087402
-0.5503745079040527
-0.5513205528259277
-0.5054984092712402
-0.5389456748962402
-0.5576529502868652
-0.5617423057556152
-0.6954703330993652
-0.5339102745056152
-0.7281394004821777
-0.9042258262634277
-0.8598990440368652
-0.8506674766540527
-0.9817709922790527
-0.8901877403259277
-0.8740897178649902
-0.8568930625915527
-0.8387198448181152
-0.5820822715759277
-0.7146658897399902
-0.7293295860290527
-1.1361899375915527
-0.7878470420837402
-1.1936240196228027
-0.9977774620056152
-1.1609396934509277
-1.2271018028259277
-1.3154807090759277
-0.9059042930603027
-0.9244589805603027
-0.7798819541931152
-0.9708914756774902
-0.7262625694274902
-0.5946555137634277
-0.49400854110717773
-0.5908255577087402
-0.6445212364196777
-0.6741232872009277
-0.6016898155212402
-0.44415807723999023
-0.5970206260681152
-0.49091100692749023
-0.38423681259155273
-0.5842032432556152
-0.5194144248962402
-0.48772192001342773
-0.5492911338806152
-0.5775046348571777
-0.5955710411071777
-0.7106680870056152
-0.8239035606384277
-0.8344321250915527
-0.8153738975524902
-0.8114829063415527
-0.5423636436462402
-0.9085288047790527
-0.8627829551696777
-0.9598288536071777
-0.7457938194274902
-0.5596823692321777
-0.6239066123962402
-0.6677756309509277
-0.6659903526306152
-0.6660361289978027
-0.7425436973571777
-1.1375937461853027
-1.1679739952087402
-0.7852988243103027
-0.9192252159118652
-0.8834433555603027
-1.2233939170837402
-0.8634238243103027
-0.8672537803649902
-0.6813406944274902
-0.9565634727478027
-0.6187338829040527
-0.9164938926696777
-0.8389639854431152
-0.6466727256774902
-0.6611990928649902
-0.5041708946228027
-0.6457266807556152
-0.7320303916931152
-0.7029776573181152
-0.7332510948181152
-0.43564367294311523
-0.6260733604431152
-0.6333823204040527
-0.5319266319274902
-0.5360770225524902
-0.6166434288024902
-0.6207175254821777
-0.6230978965759277
-0.41788244247436523
-0.5040793418884277
-0.46805334091186523
-0.40550756454467773
-0.5616507530212402
-0.5906577110290527
-0.6074423789978027
-0.6670126914978027
-0.7324576377868652
-0.8629813194274902
-0.8502707481384277
-0.5652823448181152
-1.0705313682556152
-0.6739401817321777
-0.7784628868103027
-0.7926383018493652
-0.8092398643493652
-0.8244833946228027
-0.8923087120056152
-0.8541159629821777
-1.2428336143493652
-0.9423422813415527
-0.7352194786071777
-0.9006705284118652
-0.5050253868103027
-0.8147788047790527
-0.6495718955993652
-0.7141623497009277
-0.7614340782165527
-0.6913352012634277
-0.6476645469665527
-0.6750082969665527
-0.6792197227478027
-0.6816000938415527
-0.6822104454040527
-0.38089513778686523
-0.45326757431030273
-0.38362646102905273
-0.40685033798217773
-0.48683691024780273
-0.46935033798217773
-0.5760855674743652
-0.6011252403259277
-0.6701560020446777
-0.6197714805603027
-0.6389975547790527
-0.7064108848571777
-0.7208914756774902
-0.7984061241149902
-0.7607474327087402
-0.7953085899353027
-0.8192496299743652
-0.8752493858337402
-0.8058371543884277
-0.8041892051696777
-0.7296347618103027
-0.5956931114196777
-0.9904990196228027
-1.0656332969665527
-0.6444754600524902
-0.6157584190368652
-0.7343192100524902
-0.8518576622009277
-0.8925681114196777
-0.9334464073181152
-0.6411032676696777
-0.9742026329040527
-0.6983389854431152
-0.9970450401306152
-0.9291129112243652
-0.8854727745056152
-1.0307364463806152
-1.2006888389587402
-0.7878623008728027
-0.8107047080993652
-0.8385672569274902
-0.8776755332946777
-0.5742239952087402
-0.9044547080993652
-0.9201254844665527
-0.6945853233337402
-0.5034537315368652
-0.8614096641540527
-0.8255515098571777
-0.8276267051696777
-0.7604269981384277
-0.7870078086853027
-0.44647741317749023
-0.41026830673217773
-0.5755362510681152
-0.42265844345092773
-0.37329626083374023
-0.39391088485717773
-0.43240880966186523
-0.5883383750915527
-0.5936789512634277
-0.5989737510681152
-0.6808829307556152
-0.7961935997009277
-0.6568655967712402
-0.6301169395446777
-0.8962759971618652
-0.9258475303649902
-0.9237265586853027
-0.6359763145446777
-0.6397757530212402
-1.0555624961853027
-0.6537375450134277
-0.5970053672790527
-0.6650595664978027
-0.7211813926696777
-0.8052115440368652
-0.6113181114196777
-0.6232962608337402
-1.1158804893493652
-1.0905661582946777
-1.0612540245056152
-0.6915793418884277
-0.8112540245056152
-0.8797049522399902
-0.9665122032165527
-1.0260825157165527
-0.7658743858337402
-0.8559927940368652
-0.8296561241149902
-0.7452292442321777
-0.7153830528259277
-0.5990500450134277
-0.8237204551696777
-0.8888907432556152
-0.9468283653259277
-0.6496329307556152
-0.8817801475524902
-0.9017081260681152
-0.8722739219665527
-0.44853734970092773
-0.5479331016540527
-0.38615942001342773
-0.5319724082946777
-0.37093114852905273
-0.37770605087280273
-0.40373754501342773
-0.39262914657592773
-0.38643407821655273
-0.6744437217712402
-0.7065482139587402
-0.6828360557556152
-0.8165640830993652
-0.7420554161071777
-0.8636527061462402
-0.6775259971618652
-0.6746726036071777
-0.5659995079040527
-0.5681509971618652
-0.5783743858337402
-0.5940756797790527
-0.9501852989196777
-0.8289847373962402
-0.7842917442321777
-0.9621787071228027
-1.0164999961853027
-0.7386984825134277
-1.1515097618103027
-0.9008536338806152
-0.7361807823181152
-0.6494040489196777
-0.7679343223571777
-0.5595450401306152
-0.8546652793884277
-0.6324667930603027
-0.8896384239196777
-0.9478049278259277
-0.9329581260681152
-0.44974279403686523
-0.5478720664978027
-0.5329489707946777
-0.5105795860290527
-0.5168051719665527
-0.46817541122436523
-0.45253515243530273
-0.37053442001342773
-0.41080236434936523
-0.37741613388061523
-0.6397757530212402
-0.6604361534118652
-0.6656699180603027
-0.6989340782165527
-0.8151144981384277
-0.7872977256774902
-0.6097769737243652
-0.8582968711853027
-0.9301505088806152
-0.9177145957946777
-0.7445731163024902
-0.9060873985290527
-0.7415518760681152
-0.9960227012634277
-1.0375571250915527
-0.7999472618103027
-0.5512290000915527
-0.5618185997009277
-0.5745444297790527
-1.1089224815368652
-0.9790396690368652
-0.6425833702087402
-0.7564291954040527
-0.8985342979431152
-0.9528555870056152
-0.6989951133728027
-0.9157462120056152
-0.6978659629821777
-0.7499594688415527
-0.8688254356384277
-0.8777976036071777
-0.8845419883728027
-0.8890891075134277
-0.6167807579040527
-0.44214391708374023
-0.5320029258728027
-0.5119833946228027
-0.5168662071228027
-0.39865636825561523
-0.38785314559936523
-0.49970006942749023
-0.38403844833374023
-0.41368627548217773
-0.6778464317321777
-0.6721854209899902
-0.6664481163024902
-0.6608939170837402
-0.6556906700134277
-0.7515921592712402
-0.6825003623962402
-0.7173972129821777
-0.7074484825134277
-0.6166434288024902
-0.7378439903259277
-0.7296195030212402
-0.9699454307556152
-0.5319113731384277
-0.8747305870056152
-0.8306632041931152
-1.0084738731384277
-1.0831046104431152
-0.8976950645446777
-1.0054984092712402
-0.8763327598571777
-0.7287344932556152
-0.8894095420837402
-0.6733603477478027
-0.6637167930603027
-0.9259390830993652
-0.7319083213806152
-0.7054648399353027
-0.6835227012634277
-0.6905722618103027
-0.5693411827087402
-0.5080924034118652
-0.5918478965759277
-0.7991080284118652
-0.47412633895874023
-0.7209525108337402
-0.41533422470092773
-0.42989110946655273
-0.39012670516967773
-0.5119528770446777
-0.5148825645446777
-0.40001440048217773
-0.38916540145874023
-0.38371801376342773
-0.36775732040405273
-0.36278295516967773
-0.41339635848999023
-0.36504125595092773
-0.6827292442321777
-0.6413626670837402
-0.7462821006774902
-0.7226462364196777
-0.7518820762634277
-0.8206686973571777
-0.8422598838806152
-0.5287680625915527
-0.8219046592712402
-0.8206686973571777
-0.9533591270446777
-1.1445059776306152
-1.0148367881774902
-1.0416464805603027
-1.0673575401306152
-1.0918936729431152
-1.1150565147399902
-1.0373435020446777
-1.1920676231384277
-1.0565237998962402
-1.2841391563415527
-1.1053519248962402
-1.3202719688415527
-1.1530508995056152
-0.5524191856384277
-0.8324332237243652
-0.6971945762634277
-0.7711539268493652
-1.0563559532165527
-1.0238547325134277
-0.6431021690368652
-0.7693381309509277
-0.7450003623962402
-0.6664938926696777
-0.6385550498962402
-0.5640921592712402
-0.49590063095092773
-0.7849478721618652
-0.7960257530212402
-0.8193106651306152
-0.46135473251342773
-0.44466161727905273
-0.6437888145446777
-0.5753378868103027
-0.37628698348999023
-0.40622472763061523
-0.39475011825561523
-0.36740636825561523
-0.36334753036499023
-0.38580846786499023
-0.38451147079467773
-0.37302160263061523
-0.36671972274780273
-0.6786398887634277
-0.6392416954040527
-0.6291861534118652
-0.5923972129821777
-0.5780539512634277
-0.5325827598571777
-0.7112021446228027
-0.8390860557556152
-0.9334616661071777
-0.9011130332946777
-0.9548697471618652
-0.48825597763061523
-0.49001073837280273
-1.0722556114196777
-0.48935461044311523
-0.5007529258728027
-1.1154227256774902
-1.0516715049743652
-1.0119223594665527
-0.5231528282165527
-0.7052969932556152
-0.7640280723571777
-0.6681113243103027
-0.8618216514587402
-0.9925131797790527
-1.0321097373962402
-0.6159415245056152
-0.7534537315368652
-0.6244559288024902
-0.6556906700134277
-0.7064871788024902
-0.8080039024353027
-0.48154211044311523
-0.7508597373962402
-0.44655370712280273
-0.5491995811462402
-0.39047765731811523
-0.38147497177124023
-0.46788549423217773
-0.36519384384155273
-0.36208105087280273
-0.38644933700561523
-0.36729955673217773
-0.6708579063415527
-0.6138510704040527
-0.6475119590759277
-0.5393271446228027
-0.6522269248962402
-0.6939139366149902
-0.7621817588806152
-0.49747228622436523
-0.8092246055603027
-0.48502111434936523
-0.9106802940368652
-0.9556174278259277
-0.8719229698181152
-0.8768210411071777
-0.8829550743103027
-0.8900351524353027
-0.9284262657165527
-0.47481298446655273
-0.9994406700134277
-0.9083914756774902
-0.9482169151306152
-0.9639029502868652
-0.47536230087280273
-0.9977927207946777
-0.47356176376342773
-1.1205191612243652
-0.8493857383728027
-0.8300070762634277
-0.8077597618103027
-0.5925955772399902
-0.7406210899353027
-0.6889395713806152
-0.6568961143493652
-0.9268546104431152
-0.9672141075134277
-1.0038504600524902
-0.8666892051696777
-0.5839285850524902
-0.7345480918884277
-0.6077475547790527
-0.5332236289978027
-0.6664328575134277
-0.7823233604431152
-0.5341544151306152
-0.5466666221618652
-0.5613303184509277
-0.5778708457946777
-0.6914877891540527
-0.7782797813415527
-0.7266898155212402
-0.7317404747009277
-0.7386832237243652
-0.7437033653259277
-0.5707602500915527
-0.5375876426696777
-0.39186620712280273
-0.42342138290405273
-0.46333837509155273
-0.39500951766967773
-0.5136618614196777
-0.49854040145874023
-0.48146581649780273
-0.37712621688842773
-0.41261816024780273
-0.38522863388061523
-0.36609411239624023
-0.6568961143493652
-0.6425986289978027
-0.5130209922790527
-0.6347250938415527
-0.6734671592712402
-0.7532858848571777
-0.8989005088806152
-0.45931005477905273
-0.8721213340759277
-0.9312644004821777
-0.45869970321655273
-1.0208945274353027
-1.1175894737243652
-0.48080968856811523
-0.9649710655212402
-1.1656546592712402
-1.1722617149353027
-0.8234610557556152
-0.5397543907165527
-0.6152853965759277
-0.6427206993103027
-0.7370810508728027
-0.6020712852478027
-0.7805228233337402
-0.9007773399353027
-0.5748038291931152
-0.9381308555603027
-0.9717917442321777
-0.9231009483337402
-0.5595908164978027
-0.6897788047790527
-0.6658072471618652
-0.6409201622009277
-0.6151633262634277
-0.5080771446228027
-0.5100607872009277
-0.5807394981384277
-0.5995078086853027
-0.7560019493103027
-0.7326407432556152
-0.43308019638061523
-0.5798697471618652
-0.44254064559936523
-0.40082311630249023
-0.5331625938415527
-0.37187719345092773
-0.43002843856811523
-0.36008214950561523
-0.38086462020874023
-0.37828588485717773
-0.37445592880249023
-0.36937475204467773
-0.6401419639587402
-0.6144461631774902
-0.7771353721618652
-0.9809317588806152
-0.9051871299743652
-0.9823508262634277
-0.45483922958374023
-0.9725241661071777
-1.0600485801696777
-1.0800070762634277
-1.0981040000915527
-1.0381979942321777
-0.9478812217712402
-0.47566747665405273
-0.5121054649353027
-0.7179465293884277
-0.6105246543884277
-0.6244254112243652
-0.6734366416931152
-0.7598776817321777
-0.5449728965759277
-0.9465689659118652
-0.5379843711853027
-0.5356345176696777
-0.5859732627868652
-0.5161337852478027
-0.7503867149353027
-0.48019933700561523
-0.48753881454467773
-0.5815939903259277
-0.6153159141540527
-0.6573386192321777
-0.5898642539978027
-0.6358084678649902
-0.42128515243530273
-0.44356298446655273
-0.43213415145874023
-0.40437841415405273
-0.39269018173217773
-0.44623327255249023
-0.42946386337280273
-0.36528539657592773
