330.34331060403076	19.769358964538696
332.1652611458793	21.73481131914741
333.9851096509681	23.848960818184423
335.80304760041577	26.181003162528214
337.61926724984244	28.664687149208476
339.4339615266613	31.325041010462883
341.2473239312081	34.19445422329591
343.0595484413206	37.26262104501802
344.8708294199803	40.56781994845733
346.6813615256156	43.20314557748134
348.49133962466794	45.9223893969247
350.30095870601264	49.01116770401495
352.1104137968289	51.65974357363302
353.91989987950836	54.60276923419951
355.72961180919395	55.936626787213754
357.5397442315385	57.16006566862052
359.35049150027766	56.89064410989886
1.1620475942104171	54.733799391175125
2.9746060331870483	53.211493971950404
4.788359792706325	51.32848755881059
6.603501216730824	49.63981800769761
8.420221928334374	47.12521679296697
10.23871273780355	45.12884721030787
12.059163547823202	42.00326267935088
13.881763255385511	39.14268296024966
15.706699650072672	36.547108053004195
17.534159308374985	34.266594422078924
19.36432748371902	32.251085603009415
21.19738799189517	30.410774409556325
23.033523091589146	28.76627232708779
24.872913359739368	27.27635638487118
26.715737561460788	26.061750997192576
28.562172514295835	25.012037492444506
30.412392946575217	24.386331686673657
32.266571349694644	24.109548883177922
34.124877824139375	24.221439803739486
35.987479919115486	24.54239007587603
37.85454246567592	25.332987764584686
39.72622740326126	26.39595150992318
41.602693599607214	27.71214207547746
43.48409666400757	29.2815594612548
45.370588753957726	30.68755721305206
47.26231837524379	32.287891826879786
49.159430175584255	33.57905416020367
51.06206473197445	35.14699929702692
52.97035833193014	36.641331986109435
54.88444274887442	37.961939298529614
56.80444501196152	38.988096819997736
58.730487170683084	40.71357259497745
60.66268605465538	41.66317317080029
62.60115302904052	41.46589181086165
64.54599374611132	41.86634352655892
66.49730789352601	40.54279171622693
68.45518893993705	41.1169688085829
70.41972387861742	38.9969303137259
72.3909929698458	38.352085271541
74.36906948285082	36.40724440230042
76.35401943817361	32.98279333352548
78.34590135136337	30.438747139698535
80.34476597897861	27.91089568437019
82.35065606791882	27.017240568831767
84.36360610916425	24.900146571882942
86.38364209704974	22.912610482955643
88.41078129524377	21.16799547156188
90.44503201064536	19.69721876575568
92.48639337644839	18.4796688801689
94.53485514565378	17.48295633779344
96.59039749633675	16.79688832487591
98.65299084999494	16.309573920851108
100.72259570431622	16.041624611083535
102.79916248171024	15.965067665434617
104.88263139494453	15.94003943320422
106.9729323312147	16.19473850237773
109.06998475595869	16.665858167903934
111.17369763769436	17.41964963274222
113.28396939512169	18.487030124942976
115.40068786768063	19.85769390182395
117.5237303106974	21.468334258333925
119.65296341618169	23.23503300404991
121.78824336025762	26.48134194929662
123.9294158781214	28.78541156350184
126.07631636731824	30.59627777785863
128.22877002002036	32.01258127233814
130.38659198486954	33.12412923318334
132.54958755881782	34.70826910850519
134.71755240926285	35.7741773517555
136.89027282662977	36.99025498838819
139.06752600739955	37.64393352430125
141.2490803674241	37.1374798838624
143.43469588520722	37.96046704957553
145.6241244746609	37.68515649503388
147.81711038667788	37.620377541024936
150.01339063868843	36.134878345670586
152.21269547119837	35.6122299667295
154.41474883013336	33.65266660794077
156.61926887364783	32.38947700475546
158.82596850189228	30.992312746686366
161.03455590807513	29.478840821193444
163.24473514900467	27.913840182282
165.45620673315517	26.342950547550572
167.6686682241699	24.86186809906212
169.88181485759446	23.606039740647248
172.0953401685282	22.588715712907288
174.30893662778936	21.71272758482519
176.52229628411442	20.961880617898714
178.73511140985272	20.27434035602346
180.9470751475767	19.614772824290412
183.1578821550043	18.98170577374185
185.36722924562602	18.44727940316443
187.57481602244476	18.157246359074634
189.78034550226957	18.13957937161831
191.98352472805843	18.392806191837735
194.1840653668766	18.822702886627667
196.38168429112707	19.368907248845062
198.5761041408171	19.94602883911284
200.76705386474782	20.35384179958055
202.95426923865287	20.91771314925427
205.13749335846398	21.58464192576139
207.31647710704524	23.19233778435955
209.4909795929133	23.38225789952412
211.6607685596428	23.701735922706575
213.82562076484692	23.252699991506233
215.98532232781747	23.438203359804902
218.1396690451054	22.609327198275423
220.2884666735219	20.991325596991373
222.43153118023682	20.395064770313184
224.5686889598443	19.91363936210837
226.69977701845644	18.581254058048216
228.8246431250672	16.849889287248516
230.9431459306043	15.424752299037209
233.0551550552526	13.92894736100061
235.1605511447876	12.150470623648289
237.25922589680025	9.846401009446708
239.35108205782748	6.692843748347514
241.43603339251897	4.898172272492957
243.5140046260768	3.256614687932597
245.58493136129434	1.8535614340471511
247.64875997159953	0.806792427210894
249.70544747156768	0.20905935157861677
251.75496136642175	0.0
253.79727948207187	0.0721401987830177
255.83238977727004	0.3665899897350755
257.8602901394663	0.778819697068684
259.88098816595345	1.4280814861194813
261.89450093187304	2.3379313401637773
263.9008547466383	3.473035284285288
265.90008490029425	4.8392823143040005
267.8922354013002	6.489673392588884
269.87735870717097	7.5217199098769925
271.8555154493627	9.72273209724517
273.8267741537284	11.331900204801059
275.7912109578078	13.908335875632474
277.7489093261485	16.65408017626396
279.6999597647849	18.92428806450698
281.6444595359302	21.801062522110442
283.58251237386423	25.952804574539186
285.5142282029236	28.52040675164244
287.4397228584276	29.92934900135151
289.35911781129835	29.767401616325515
291.2725398970609	31.85946738104394
293.18012104983643	31.828550152993557
295.0819980418714	31.101259169339755
296.9783122290762	30.212020800663595
298.86920930298265	28.644075663843978
300.754839049463	28.181789492049575
302.6353551144946	27.392664052295004
304.5109147771948	26.03083376914219
306.38167873029414	24.599807785114535
308.2478108681665	23.17319854794914
310.1094780824819	21.884980712533434
311.96685006550354	20.477510711782088
313.82009912100585	19.230515847099014
315.6693999827504	18.08363391133753
317.51492964041887	17.067782132551656
319.3568671728656	16.37435287486005
321.1953935885237	15.841398753236717
323.03069167276465	15.757480562813726
324.86294584198725	16.140265291051037
326.6923420041857	16.91908498811972
328.51906742572527	18.113078890433826
330.34331060403065	19.769358964538696
